1.266400000000000000e+04 1.886800000000000000e+04 1.860800000000000000e+04 1.845500000000000000e+04 1.851300000000000000e+04 1.845000000000000000e+04 1.851500000000000000e+04 1.824700000000000000e+04 1.789500000000000000e+04 1.767700000000000000e+04 1.750300000000000000e+04 1.712300000000000000e+04 1.654900000000000000e+04
1.852600000000000000e+04 1.275400000000000000e+04 1.840900000000000000e+04 1.837200000000000000e+04 1.814900000000000000e+04 1.814400000000000000e+04 1.811500000000000000e+04 1.814800000000000000e+04 1.784700000000000000e+04 1.762600000000000000e+04 1.721300000000000000e+04 1.730800000000000000e+04 1.653400000000000000e+04
1.858400000000000000e+04 1.863000000000000000e+04 1.225000000000000000e+04 1.820900000000000000e+04 1.780400000000000000e+04 1.806200000000000000e+04 1.806800000000000000e+04 1.803800000000000000e+04 1.795600000000000000e+04 1.750200000000000000e+04 1.737000000000000000e+04 1.706100000000000000e+04 1.646000000000000000e+04
1.851500000000000000e+04 1.824900000000000000e+04 1.782400000000000000e+04 1.236800000000000000e+04 1.768200000000000000e+04 1.787200000000000000e+04 1.779700000000000000e+04 1.767000000000000000e+04 1.774000000000000000e+04 1.746700000000000000e+04 1.693500000000000000e+04 1.664800000000000000e+04 1.639200000000000000e+04
1.841000000000000000e+04 1.817000000000000000e+04 1.805400000000000000e+04 1.795700000000000000e+04 1.202200000000000000e+04 1.748300000000000000e+04 1.747200000000000000e+04 1.751600000000000000e+04 1.722300000000000000e+04 1.712300000000000000e+04 1.722800000000000000e+04 1.660800000000000000e+04 1.611800000000000000e+04
1.833700000000000000e+04 1.816100000000000000e+04 1.792300000000000000e+04 1.790100000000000000e+04 1.745400000000000000e+04 1.174200000000000000e+04 1.734400000000000000e+04 1.760400000000000000e+04 1.708900000000000000e+04 1.693200000000000000e+04 1.680200000000000000e+04 1.616100000000000000e+04 1.588500000000000000e+04
1.827100000000000000e+04 1.828700000000000000e+04 1.808200000000000000e+04 1.784300000000000000e+04 1.749500000000000000e+04 1.713600000000000000e+04 1.133900000000000000e+04 1.693200000000000000e+04 1.673900000000000000e+04 1.676400000000000000e+04 1.649400000000000000e+04 1.592600000000000000e+04 1.572600000000000000e+04
1.813800000000000000e+04 1.806200000000000000e+04 1.831000000000000000e+04 1.774300000000000000e+04 1.736800000000000000e+04 1.694700000000000000e+04 1.704300000000000000e+04 1.092200000000000000e+04 1.657200000000000000e+04 1.619200000000000000e+04 1.631600000000000000e+04 1.596100000000000000e+04 1.549100000000000000e+04
1.792200000000000000e+04 1.793600000000000000e+04 1.797500000000000000e+04 1.764600000000000000e+04 1.763200000000000000e+04 1.702400000000000000e+04 1.671200000000000000e+04 1.647300000000000000e+04 1.037500000000000000e+04 1.608600000000000000e+04 1.566400000000000000e+04 1.551700000000000000e+04 1.475600000000000000e+04
1.772400000000000000e+04 1.771800000000000000e+04 1.756900000000000000e+04 1.737300000000000000e+04 1.712900000000000000e+04 1.684700000000000000e+04 1.690700000000000000e+04 1.659900000000000000e+04 1.587300000000000000e+04 9.935000000000000000e+03 1.549300000000000000e+04 1.532700000000000000e+04 1.474200000000000000e+04
1.745000000000000000e+04 1.712100000000000000e+04 1.733500000000000000e+04 1.683500000000000000e+04 1.679100000000000000e+04 1.696300000000000000e+04 1.662000000000000000e+04 1.622600000000000000e+04 1.569700000000000000e+04 1.563300000000000000e+04 9.026000000000000000e+03 1.491500000000000000e+04 1.463600000000000000e+04
1.735200000000000000e+04 1.702900000000000000e+04 1.678600000000000000e+04 1.666300000000000000e+04 1.643000000000000000e+04 1.645800000000000000e+04 1.613200000000000000e+04 1.593800000000000000e+04 1.537700000000000000e+04 1.516900000000000000e+04 1.510200000000000000e+04 8.252000000000000000e+03 1.409900000000000000e+04
1.687500000000000000e+04 1.642200000000000000e+04 1.652300000000000000e+04 1.610500000000000000e+04 1.590000000000000000e+04 1.589600000000000000e+04 1.564300000000000000e+04 1.572600000000000000e+04 1.506600000000000000e+04 1.478600000000000000e+04 1.450800000000000000e+04 1.403400000000000000e+04 7.344000000000000000e+03
