1.274910000000000000e+05 1.873780000000000000e+05 1.865970000000000000e+05 1.857330000000000000e+05 1.839860000000000000e+05 1.860300000000000000e+05 1.830100000000000000e+05 1.818470000000000000e+05 1.793720000000000000e+05 1.778050000000000000e+05 1.744100000000000000e+05 1.711620000000000000e+05 1.662210000000000000e+05
1.882630000000000000e+05 1.268650000000000000e+05 1.840570000000000000e+05 1.827750000000000000e+05 1.820040000000000000e+05 1.833000000000000000e+05 1.833420000000000000e+05 1.810460000000000000e+05 1.782000000000000000e+05 1.760610000000000000e+05 1.729030000000000000e+05 1.699240000000000000e+05 1.651430000000000000e+05
1.864020000000000000e+05 1.844080000000000000e+05 1.244060000000000000e+05 1.815450000000000000e+05 1.789640000000000000e+05 1.799380000000000000e+05 1.788470000000000000e+05 1.799050000000000000e+05 1.769040000000000000e+05 1.749010000000000000e+05 1.727890000000000000e+05 1.694850000000000000e+05 1.645290000000000000e+05
1.849190000000000000e+05 1.827190000000000000e+05 1.808280000000000000e+05 1.225020000000000000e+05 1.774410000000000000e+05 1.775140000000000000e+05 1.780020000000000000e+05 1.774780000000000000e+05 1.767220000000000000e+05 1.738130000000000000e+05 1.714330000000000000e+05 1.674380000000000000e+05 1.624870000000000000e+05
1.846650000000000000e+05 1.811890000000000000e+05 1.796040000000000000e+05 1.765350000000000000e+05 1.196690000000000000e+05 1.746530000000000000e+05 1.753320000000000000e+05 1.745960000000000000e+05 1.735470000000000000e+05 1.732660000000000000e+05 1.696540000000000000e+05 1.662170000000000000e+05 1.617730000000000000e+05
1.861220000000000000e+05 1.821500000000000000e+05 1.795700000000000000e+05 1.772930000000000000e+05 1.751440000000000000e+05 1.162670000000000000e+05 1.731510000000000000e+05 1.722030000000000000e+05 1.705060000000000000e+05 1.701920000000000000e+05 1.677250000000000000e+05 1.640440000000000000e+05 1.599760000000000000e+05
1.834720000000000000e+05 1.827960000000000000e+05 1.812070000000000000e+05 1.775830000000000000e+05 1.752660000000000000e+05 1.725530000000000000e+05 1.128870000000000000e+05 1.697200000000000000e+05 1.676630000000000000e+05 1.664350000000000000e+05 1.645850000000000000e+05 1.619700000000000000e+05 1.567630000000000000e+05
1.815020000000000000e+05 1.809640000000000000e+05 1.798120000000000000e+05 1.778360000000000000e+05 1.745040000000000000e+05 1.721000000000000000e+05 1.690690000000000000e+05 1.081870000000000000e+05 1.650920000000000000e+05 1.639930000000000000e+05 1.623070000000000000e+05 1.596390000000000000e+05 1.553170000000000000e+05
1.790740000000000000e+05 1.786840000000000000e+05 1.779120000000000000e+05 1.764750000000000000e+05 1.737240000000000000e+05 1.714240000000000000e+05 1.671660000000000000e+05 1.641990000000000000e+05 1.034810000000000000e+05 1.593520000000000000e+05 1.577930000000000000e+05 1.541680000000000000e+05 1.506500000000000000e+05
1.777190000000000000e+05 1.769930000000000000e+05 1.753430000000000000e+05 1.742510000000000000e+05 1.730480000000000000e+05 1.698360000000000000e+05 1.671390000000000000e+05 1.638230000000000000e+05 1.587750000000000000e+05 9.658400000000000000e+04 1.560000000000000000e+05 1.530380000000000000e+05 1.478970000000000000e+05
1.747640000000000000e+05 1.738990000000000000e+05 1.729860000000000000e+05 1.710350000000000000e+05 1.698370000000000000e+05 1.681830000000000000e+05 1.654970000000000000e+05 1.621640000000000000e+05 1.572300000000000000e+05 1.550090000000000000e+05 9.058600000000000000e+04 1.497800000000000000e+05 1.450880000000000000e+05
1.714100000000000000e+05 1.703040000000000000e+05 1.689640000000000000e+05 1.667990000000000000e+05 1.665270000000000000e+05 1.637360000000000000e+05 1.632060000000000000e+05 1.594240000000000000e+05 1.548100000000000000e+05 1.523810000000000000e+05 1.482930000000000000e+05 8.229700000000000000e+04 1.412570000000000000e+05
1.665480000000000000e+05 1.652830000000000000e+05 1.649830000000000000e+05 1.628900000000000000e+05 1.612200000000000000e+05 1.599930000000000000e+05 1.571950000000000000e+05 1.556910000000000000e+05 1.501730000000000000e+05 1.477510000000000000e+05 1.454430000000000000e+05 1.410230000000000000e+05 7.228400000000000000e+04
