1.266900000000000000e+04 1.877000000000000000e+04 1.882400000000000000e+04 1.847600000000000000e+04 1.843500000000000000e+04 1.849500000000000000e+04 1.857600000000000000e+04 1.823900000000000000e+04 1.838200000000000000e+04 1.763000000000000000e+04 1.755600000000000000e+04 1.710700000000000000e+04 1.666300000000000000e+04
1.886600000000000000e+04 1.256100000000000000e+04 1.820300000000000000e+04 1.852000000000000000e+04 1.810300000000000000e+04 1.823900000000000000e+04 1.831500000000000000e+04 1.816200000000000000e+04 1.786100000000000000e+04 1.768100000000000000e+04 1.736800000000000000e+04 1.697400000000000000e+04 1.651100000000000000e+04
1.873000000000000000e+04 1.860200000000000000e+04 1.239300000000000000e+04 1.811600000000000000e+04 1.783700000000000000e+04 1.797900000000000000e+04 1.824100000000000000e+04 1.816000000000000000e+04 1.761400000000000000e+04 1.741600000000000000e+04 1.720000000000000000e+04 1.692800000000000000e+04 1.637000000000000000e+04
1.840900000000000000e+04 1.817500000000000000e+04 1.817000000000000000e+04 1.214200000000000000e+04 1.761700000000000000e+04 1.777600000000000000e+04 1.757700000000000000e+04 1.787100000000000000e+04 1.761200000000000000e+04 1.731200000000000000e+04 1.729600000000000000e+04 1.671700000000000000e+04 1.616300000000000000e+04
1.853900000000000000e+04 1.837300000000000000e+04 1.795200000000000000e+04 1.770300000000000000e+04 1.202700000000000000e+04 1.740300000000000000e+04 1.762300000000000000e+04 1.758700000000000000e+04 1.727200000000000000e+04 1.758500000000000000e+04 1.700800000000000000e+04 1.662900000000000000e+04 1.608600000000000000e+04
1.846200000000000000e+04 1.842800000000000000e+04 1.810200000000000000e+04 1.777400000000000000e+04 1.739400000000000000e+04 1.158300000000000000e+04 1.702200000000000000e+04 1.695300000000000000e+04 1.715400000000000000e+04 1.715600000000000000e+04 1.679500000000000000e+04 1.635900000000000000e+04 1.570800000000000000e+04
1.830800000000000000e+04 1.824100000000000000e+04 1.818900000000000000e+04 1.775300000000000000e+04 1.754500000000000000e+04 1.729900000000000000e+04 1.123100000000000000e+04 1.681200000000000000e+04 1.695300000000000000e+04 1.673500000000000000e+04 1.658900000000000000e+04 1.634700000000000000e+04 1.557000000000000000e+04
1.836600000000000000e+04 1.788000000000000000e+04 1.816300000000000000e+04 1.775100000000000000e+04 1.742800000000000000e+04 1.732200000000000000e+04 1.697800000000000000e+04 1.082900000000000000e+04 1.658200000000000000e+04 1.632600000000000000e+04 1.650900000000000000e+04 1.585100000000000000e+04 1.565100000000000000e+04
1.793900000000000000e+04 1.804300000000000000e+04 1.769400000000000000e+04 1.751300000000000000e+04 1.732900000000000000e+04 1.711900000000000000e+04 1.687100000000000000e+04 1.634900000000000000e+04 1.016200000000000000e+04 1.597000000000000000e+04 1.583300000000000000e+04 1.539100000000000000e+04 1.483500000000000000e+04
1.765800000000000000e+04 1.776500000000000000e+04 1.727400000000000000e+04 1.717000000000000000e+04 1.723400000000000000e+04 1.716300000000000000e+04 1.679400000000000000e+04 1.630300000000000000e+04 1.607500000000000000e+04 9.754000000000000000e+03 1.530900000000000000e+04 1.513900000000000000e+04 1.491100000000000000e+04
1.756100000000000000e+04 1.738300000000000000e+04 1.730300000000000000e+04 1.716500000000000000e+04 1.688900000000000000e+04 1.682700000000000000e+04 1.643700000000000000e+04 1.601800000000000000e+04 1.584600000000000000e+04 1.540800000000000000e+04 9.053000000000000000e+03 1.469500000000000000e+04 1.441900000000000000e+04
1.697300000000000000e+04 1.697900000000000000e+04 1.710400000000000000e+04 1.690200000000000000e+04 1.674900000000000000e+04 1.655700000000000000e+04 1.608900000000000000e+04 1.582000000000000000e+04 1.542100000000000000e+04 1.529000000000000000e+04 1.499500000000000000e+04 8.083000000000000000e+03 1.412400000000000000e+04
1.650200000000000000e+04 1.653500000000000000e+04 1.662100000000000000e+04 1.600500000000000000e+04 1.598100000000000000e+04 1.600900000000000000e+04 1.589900000000000000e+04 1.563200000000000000e+04 1.499400000000000000e+04 1.468900000000000000e+04 1.447100000000000000e+04 1.427700000000000000e+04 7.204000000000000000e+03
