3.180000000000000000e+03 4.457000000000000000e+03 4.513000000000000000e+03 4.380000000000000000e+03 4.461000000000000000e+03 4.481000000000000000e+03 4.533000000000000000e+03 4.497000000000000000e+03 4.519000000000000000e+03 4.301000000000000000e+03 4.273000000000000000e+03 4.253000000000000000e+03 4.233000000000000000e+03
4.481000000000000000e+03 3.079000000000000000e+03 4.336000000000000000e+03 4.493000000000000000e+03 4.461000000000000000e+03 4.395000000000000000e+03 4.419000000000000000e+03 4.455000000000000000e+03 4.430000000000000000e+03 4.364000000000000000e+03 4.405000000000000000e+03 4.328000000000000000e+03 4.168000000000000000e+03
4.584000000000000000e+03 4.482000000000000000e+03 3.134000000000000000e+03 4.323000000000000000e+03 4.327000000000000000e+03 4.336000000000000000e+03 4.417000000000000000e+03 4.492000000000000000e+03 4.299000000000000000e+03 4.381000000000000000e+03 4.226000000000000000e+03 4.276000000000000000e+03 4.179000000000000000e+03
4.453000000000000000e+03 4.371000000000000000e+03 4.533000000000000000e+03 3.058000000000000000e+03 4.254000000000000000e+03 4.347000000000000000e+03 4.403000000000000000e+03 4.389000000000000000e+03 4.362000000000000000e+03 4.398000000000000000e+03 4.305000000000000000e+03 4.215000000000000000e+03 4.171000000000000000e+03
4.455000000000000000e+03 4.508000000000000000e+03 4.372000000000000000e+03 4.372000000000000000e+03 2.979000000000000000e+03 4.226000000000000000e+03 4.336000000000000000e+03 4.413000000000000000e+03 4.203000000000000000e+03 4.358000000000000000e+03 4.277000000000000000e+03 4.227000000000000000e+03 4.074000000000000000e+03
4.481000000000000000e+03 4.419000000000000000e+03 4.416000000000000000e+03 4.409000000000000000e+03 4.310000000000000000e+03 2.986000000000000000e+03 4.184000000000000000e+03 4.264000000000000000e+03 4.214000000000000000e+03 4.289000000000000000e+03 4.281000000000000000e+03 4.097000000000000000e+03 4.088000000000000000e+03
4.465000000000000000e+03 4.345000000000000000e+03 4.455000000000000000e+03 4.242000000000000000e+03 4.203000000000000000e+03 4.293000000000000000e+03 2.977000000000000000e+03 4.274000000000000000e+03 4.327000000000000000e+03 4.214000000000000000e+03 4.173000000000000000e+03 4.170000000000000000e+03 4.002000000000000000e+03
4.400000000000000000e+03 4.385000000000000000e+03 4.443000000000000000e+03 4.415000000000000000e+03 4.374000000000000000e+03 4.199000000000000000e+03 4.197000000000000000e+03 2.873000000000000000e+03 4.222000000000000000e+03 4.084000000000000000e+03 4.276000000000000000e+03 4.069000000000000000e+03 4.097000000000000000e+03
4.374000000000000000e+03 4.399000000000000000e+03 4.311000000000000000e+03 4.358000000000000000e+03 4.270000000000000000e+03 4.255000000000000000e+03 4.131000000000000000e+03 4.148000000000000000e+03 2.882000000000000000e+03 4.018000000000000000e+03 4.065000000000000000e+03 4.009000000000000000e+03 3.936000000000000000e+03
4.329000000000000000e+03 4.421000000000000000e+03 4.310000000000000000e+03 4.295000000000000000e+03 4.324000000000000000e+03 4.276000000000000000e+03 4.284000000000000000e+03 4.061000000000000000e+03 4.030000000000000000e+03 2.774000000000000000e+03 3.936000000000000000e+03 3.942000000000000000e+03 3.885000000000000000e+03
4.393000000000000000e+03 4.291000000000000000e+03 4.242000000000000000e+03 4.209000000000000000e+03 4.214000000000000000e+03 4.279000000000000000e+03 4.157000000000000000e+03 4.151000000000000000e+03 4.006000000000000000e+03 3.913000000000000000e+03 2.547000000000000000e+03 3.777000000000000000e+03 3.750000000000000000e+03
4.117000000000000000e+03 4.213000000000000000e+03 4.349000000000000000e+03 4.294000000000000000e+03 4.312000000000000000e+03 4.201000000000000000e+03 4.116000000000000000e+03 4.054000000000000000e+03 4.020000000000000000e+03 3.890000000000000000e+03 3.897000000000000000e+03 2.387000000000000000e+03 3.716000000000000000e+03
4.155000000000000000e+03 4.277000000000000000e+03 4.262000000000000000e+03 4.101000000000000000e+03 3.966000000000000000e+03 4.148000000000000000e+03 4.159000000000000000e+03 4.090000000000000000e+03 3.862000000000000000e+03 3.803000000000000000e+03 3.807000000000000000e+03 3.674000000000000000e+03 2.156000000000000000e+03
