2.990000000000000000e+03 4.517000000000000000e+03 4.444000000000000000e+03 4.670000000000000000e+03 4.318000000000000000e+03 4.490000000000000000e+03 4.548000000000000000e+03 4.511000000000000000e+03 4.455000000000000000e+03 4.293000000000000000e+03 4.413000000000000000e+03 4.323000000000000000e+03 4.225000000000000000e+03
4.498000000000000000e+03 3.123000000000000000e+03 4.477000000000000000e+03 4.467000000000000000e+03 4.494000000000000000e+03 4.376000000000000000e+03 4.413000000000000000e+03 4.440000000000000000e+03 4.330000000000000000e+03 4.284000000000000000e+03 4.394000000000000000e+03 4.311000000000000000e+03 4.251000000000000000e+03
4.547000000000000000e+03 4.435000000000000000e+03 3.074000000000000000e+03 4.302000000000000000e+03 4.406000000000000000e+03 4.392000000000000000e+03 4.359000000000000000e+03 4.495000000000000000e+03 4.396000000000000000e+03 4.355000000000000000e+03 4.337000000000000000e+03 4.443000000000000000e+03 4.200000000000000000e+03
4.619000000000000000e+03 4.366000000000000000e+03 4.545000000000000000e+03 3.000000000000000000e+03 4.197000000000000000e+03 4.291000000000000000e+03 4.296000000000000000e+03 4.389000000000000000e+03 4.417000000000000000e+03 4.370000000000000000e+03 4.313000000000000000e+03 4.282000000000000000e+03 4.080000000000000000e+03
4.387000000000000000e+03 4.440000000000000000e+03 4.407000000000000000e+03 4.279000000000000000e+03 3.182000000000000000e+03 4.312000000000000000e+03 4.411000000000000000e+03 4.348000000000000000e+03 4.361000000000000000e+03 4.249000000000000000e+03 4.342000000000000000e+03 4.154000000000000000e+03 4.204000000000000000e+03
4.558000000000000000e+03 4.605000000000000000e+03 4.230000000000000000e+03 4.262000000000000000e+03 4.268000000000000000e+03 3.090000000000000000e+03 4.384000000000000000e+03 4.246000000000000000e+03 4.291000000000000000e+03 4.355000000000000000e+03 4.319000000000000000e+03 4.198000000000000000e+03 4.020000000000000000e+03
4.376000000000000000e+03 4.426000000000000000e+03 4.521000000000000000e+03 4.389000000000000000e+03 4.258000000000000000e+03 4.264000000000000000e+03 2.978000000000000000e+03 4.265000000000000000e+03 4.298000000000000000e+03 4.271000000000000000e+03 4.321000000000000000e+03 4.148000000000000000e+03 4.070000000000000000e+03
4.474000000000000000e+03 4.506000000000000000e+03 4.453000000000000000e+03 4.253000000000000000e+03 4.293000000000000000e+03 4.363000000000000000e+03 4.231000000000000000e+03 2.827000000000000000e+03 4.158000000000000000e+03 4.065000000000000000e+03 4.065000000000000000e+03 4.073000000000000000e+03 4.044000000000000000e+03
4.520000000000000000e+03 4.403000000000000000e+03 4.381000000000000000e+03 4.374000000000000000e+03 4.366000000000000000e+03 4.265000000000000000e+03 4.300000000000000000e+03 4.032000000000000000e+03 2.735000000000000000e+03 4.065000000000000000e+03 3.935000000000000000e+03 3.928000000000000000e+03 4.077000000000000000e+03
4.341000000000000000e+03 4.376000000000000000e+03 4.379000000000000000e+03 4.401000000000000000e+03 4.251000000000000000e+03 4.223000000000000000e+03 4.128000000000000000e+03 4.042000000000000000e+03 4.008000000000000000e+03 2.682000000000000000e+03 3.955000000000000000e+03 3.963000000000000000e+03 3.797000000000000000e+03
4.357000000000000000e+03 4.294000000000000000e+03 4.296000000000000000e+03 4.323000000000000000e+03 4.291000000000000000e+03 4.211000000000000000e+03 4.133000000000000000e+03 3.992000000000000000e+03 4.060000000000000000e+03 3.921000000000000000e+03 2.454000000000000000e+03 3.765000000000000000e+03 3.770000000000000000e+03
4.403000000000000000e+03 4.241000000000000000e+03 4.231000000000000000e+03 4.203000000000000000e+03 4.131000000000000000e+03 4.209000000000000000e+03 4.086000000000000000e+03 4.116000000000000000e+03 3.937000000000000000e+03 3.937000000000000000e+03 3.783000000000000000e+03 2.234000000000000000e+03 3.625000000000000000e+03
4.231000000000000000e+03 4.199000000000000000e+03 4.095000000000000000e+03 4.139000000000000000e+03 4.126000000000000000e+03 4.046000000000000000e+03 3.829000000000000000e+03 4.012000000000000000e+03 3.771000000000000000e+03 3.816000000000000000e+03 3.841000000000000000e+03 3.675000000000000000e+03 2.037000000000000000e+03
