1.350000000000000000e+03 2.100000000000000000e+03 2.124000000000000000e+03 1.950000000000000000e+03 1.975000000000000000e+03 2.057000000000000000e+03 1.980000000000000000e+03 1.924000000000000000e+03 1.988000000000000000e+03 1.884000000000000000e+03 1.916000000000000000e+03 1.860000000000000000e+03 1.809000000000000000e+03
2.094000000000000000e+03 1.356000000000000000e+03 2.036000000000000000e+03 2.000000000000000000e+03 2.017000000000000000e+03 2.004000000000000000e+03 2.024000000000000000e+03 2.031000000000000000e+03 1.968000000000000000e+03 1.889000000000000000e+03 1.887000000000000000e+03 1.820000000000000000e+03 1.747000000000000000e+03
2.000000000000000000e+03 2.094000000000000000e+03 1.294000000000000000e+03 1.975000000000000000e+03 1.908000000000000000e+03 1.968000000000000000e+03 2.065000000000000000e+03 1.997000000000000000e+03 1.905000000000000000e+03 1.902000000000000000e+03 1.859000000000000000e+03 1.858000000000000000e+03 1.752000000000000000e+03
2.099000000000000000e+03 1.938000000000000000e+03 1.992000000000000000e+03 1.327000000000000000e+03 1.969000000000000000e+03 1.941000000000000000e+03 1.957000000000000000e+03 1.989000000000000000e+03 1.896000000000000000e+03 1.901000000000000000e+03 1.922000000000000000e+03 1.766000000000000000e+03 1.676000000000000000e+03
2.022000000000000000e+03 1.999000000000000000e+03 1.973000000000000000e+03 1.912000000000000000e+03 1.209000000000000000e+03 1.956000000000000000e+03 1.878000000000000000e+03 1.906000000000000000e+03 1.942000000000000000e+03 1.968000000000000000e+03 1.834000000000000000e+03 1.803000000000000000e+03 1.653000000000000000e+03
1.992000000000000000e+03 2.053000000000000000e+03 1.968000000000000000e+03 1.939000000000000000e+03 1.857000000000000000e+03 1.180000000000000000e+03 1.802000000000000000e+03 1.829000000000000000e+03 1.873000000000000000e+03 1.912000000000000000e+03 1.766000000000000000e+03 1.782000000000000000e+03 1.588000000000000000e+03
2.029000000000000000e+03 2.061000000000000000e+03 2.037000000000000000e+03 1.983000000000000000e+03 1.822000000000000000e+03 1.865000000000000000e+03 1.148000000000000000e+03 1.869000000000000000e+03 1.811000000000000000e+03 1.741000000000000000e+03 1.708000000000000000e+03 1.723000000000000000e+03 1.619000000000000000e+03
2.008000000000000000e+03 1.905000000000000000e+03 1.972000000000000000e+03 1.903000000000000000e+03 1.856000000000000000e+03 1.863000000000000000e+03 1.789000000000000000e+03 1.105000000000000000e+03 1.676000000000000000e+03 1.761000000000000000e+03 1.688000000000000000e+03 1.665000000000000000e+03 1.573000000000000000e+03
1.994000000000000000e+03 1.866000000000000000e+03 1.963000000000000000e+03 1.955000000000000000e+03 1.813000000000000000e+03 1.781000000000000000e+03 1.782000000000000000e+03 1.794000000000000000e+03 8.820000000000000000e+02 1.592000000000000000e+03 1.683000000000000000e+03 1.552000000000000000e+03 1.554000000000000000e+03
1.949000000000000000e+03 1.949000000000000000e+03 1.898000000000000000e+03 1.864000000000000000e+03 1.894000000000000000e+03 1.801000000000000000e+03 1.767000000000000000e+03 1.720000000000000000e+03 1.788000000000000000e+03 8.640000000000000000e+02 1.617000000000000000e+03 1.605000000000000000e+03 1.474000000000000000e+03
1.890000000000000000e+03 1.901000000000000000e+03 1.871000000000000000e+03 1.855000000000000000e+03 1.896000000000000000e+03 1.755000000000000000e+03 1.733000000000000000e+03 1.664000000000000000e+03 1.665000000000000000e+03 1.542000000000000000e+03 8.130000000000000000e+02 1.543000000000000000e+03 1.473000000000000000e+03
1.856000000000000000e+03 1.868000000000000000e+03 1.872000000000000000e+03 1.739000000000000000e+03 1.789000000000000000e+03 1.728000000000000000e+03 1.698000000000000000e+03 1.695000000000000000e+03 1.559000000000000000e+03 1.580000000000000000e+03 1.503000000000000000e+03 7.290000000000000000e+02 1.487000000000000000e+03
1.803000000000000000e+03 1.746000000000000000e+03 1.744000000000000000e+03 1.689000000000000000e+03 1.705000000000000000e+03 1.724000000000000000e+03 1.672000000000000000e+03 1.609000000000000000e+03 1.590000000000000000e+03 1.531000000000000000e+03 1.494000000000000000e+03 1.421000000000000000e+03 6.510000000000000000e+02
