4.350000000000000000e+02 8.480000000000000000e+02 7.730000000000000000e+02 7.870000000000000000e+02 7.460000000000000000e+02 8.000000000000000000e+02 7.310000000000000000e+02 7.770000000000000000e+02 7.030000000000000000e+02 6.160000000000000000e+02 6.340000000000000000e+02 5.280000000000000000e+02 5.340000000000000000e+02
8.410000000000000000e+02 4.160000000000000000e+02 8.160000000000000000e+02 7.530000000000000000e+02 7.640000000000000000e+02 7.340000000000000000e+02 7.380000000000000000e+02 7.010000000000000000e+02 6.760000000000000000e+02 6.650000000000000000e+02 6.560000000000000000e+02 5.780000000000000000e+02 5.590000000000000000e+02
8.520000000000000000e+02 7.830000000000000000e+02 4.160000000000000000e+02 7.950000000000000000e+02 7.030000000000000000e+02 7.190000000000000000e+02 6.880000000000000000e+02 7.200000000000000000e+02 7.000000000000000000e+02 6.040000000000000000e+02 6.140000000000000000e+02 5.810000000000000000e+02 5.210000000000000000e+02
8.050000000000000000e+02 7.560000000000000000e+02 7.780000000000000000e+02 3.040000000000000000e+02 7.460000000000000000e+02 7.640000000000000000e+02 7.270000000000000000e+02 6.950000000000000000e+02 6.370000000000000000e+02 6.620000000000000000e+02 6.080000000000000000e+02 5.590000000000000000e+02 5.490000000000000000e+02
7.970000000000000000e+02 7.520000000000000000e+02 7.540000000000000000e+02 7.390000000000000000e+02 3.400000000000000000e+02 6.760000000000000000e+02 6.730000000000000000e+02 6.250000000000000000e+02 6.190000000000000000e+02 5.540000000000000000e+02 5.960000000000000000e+02 5.210000000000000000e+02 4.900000000000000000e+02
7.590000000000000000e+02 7.660000000000000000e+02 7.180000000000000000e+02 6.900000000000000000e+02 7.000000000000000000e+02 2.890000000000000000e+02 6.790000000000000000e+02 6.960000000000000000e+02 6.170000000000000000e+02 5.700000000000000000e+02 5.540000000000000000e+02 5.020000000000000000e+02 4.940000000000000000e+02
7.460000000000000000e+02 7.290000000000000000e+02 7.330000000000000000e+02 7.320000000000000000e+02 6.620000000000000000e+02 6.940000000000000000e+02 2.460000000000000000e+02 6.090000000000000000e+02 6.030000000000000000e+02 6.080000000000000000e+02 5.360000000000000000e+02 5.280000000000000000e+02 4.810000000000000000e+02
7.370000000000000000e+02 6.770000000000000000e+02 7.530000000000000000e+02 6.390000000000000000e+02 7.010000000000000000e+02 6.200000000000000000e+02 6.300000000000000000e+02 2.400000000000000000e+02 5.870000000000000000e+02 5.460000000000000000e+02 5.210000000000000000e+02 4.930000000000000000e+02 4.770000000000000000e+02
7.170000000000000000e+02 7.100000000000000000e+02 6.690000000000000000e+02 5.760000000000000000e+02 6.770000000000000000e+02 5.810000000000000000e+02 6.010000000000000000e+02 5.810000000000000000e+02 2.070000000000000000e+02 5.550000000000000000e+02 4.950000000000000000e+02 5.120000000000000000e+02 4.720000000000000000e+02
6.320000000000000000e+02 6.500000000000000000e+02 6.810000000000000000e+02 6.370000000000000000e+02 6.210000000000000000e+02 6.230000000000000000e+02 6.040000000000000000e+02 5.510000000000000000e+02 4.980000000000000000e+02 1.990000000000000000e+02 4.990000000000000000e+02 4.650000000000000000e+02 3.910000000000000000e+02
6.310000000000000000e+02 6.440000000000000000e+02 6.080000000000000000e+02 5.480000000000000000e+02 5.560000000000000000e+02 5.660000000000000000e+02 5.460000000000000000e+02 5.370000000000000000e+02 5.120000000000000000e+02 5.090000000000000000e+02 1.910000000000000000e+02 4.400000000000000000e+02 4.230000000000000000e+02
6.130000000000000000e+02 5.710000000000000000e+02 5.410000000000000000e+02 5.510000000000000000e+02 5.640000000000000000e+02 4.990000000000000000e+02 5.130000000000000000e+02 5.470000000000000000e+02 4.720000000000000000e+02 4.320000000000000000e+02 4.540000000000000000e+02 1.420000000000000000e+02 3.910000000000000000e+02
5.410000000000000000e+02 5.430000000000000000e+02 5.150000000000000000e+02 5.040000000000000000e+02 4.960000000000000000e+02 4.600000000000000000e+02 4.560000000000000000e+02 4.390000000000000000e+02 4.680000000000000000e+02 4.310000000000000000e+02 4.050000000000000000e+02 4.120000000000000000e+02 1.320000000000000000e+02
