2.274000000000000000e+03 3.308000000000000000e+03 3.343000000000000000e+03 3.253000000000000000e+03 3.325000000000000000e+03 3.208000000000000000e+03 3.223000000000000000e+03 3.131000000000000000e+03 3.187000000000000000e+03 3.148000000000000000e+03 3.123000000000000000e+03 3.137000000000000000e+03 3.013000000000000000e+03
3.265000000000000000e+03 2.248000000000000000e+03 3.214000000000000000e+03 3.294000000000000000e+03 3.125000000000000000e+03 3.194000000000000000e+03 3.152000000000000000e+03 3.253000000000000000e+03 3.092000000000000000e+03 3.162000000000000000e+03 3.116000000000000000e+03 3.134000000000000000e+03 2.924000000000000000e+03
3.339000000000000000e+03 3.302000000000000000e+03 2.156000000000000000e+03 3.182000000000000000e+03 3.165000000000000000e+03 3.138000000000000000e+03 3.093000000000000000e+03 3.216000000000000000e+03 3.112000000000000000e+03 3.166000000000000000e+03 3.110000000000000000e+03 3.092000000000000000e+03 2.944000000000000000e+03
3.247000000000000000e+03 3.235000000000000000e+03 3.130000000000000000e+03 2.275000000000000000e+03 3.214000000000000000e+03 3.146000000000000000e+03 3.210000000000000000e+03 3.141000000000000000e+03 3.175000000000000000e+03 3.207000000000000000e+03 2.968000000000000000e+03 2.960000000000000000e+03 2.885000000000000000e+03
3.317000000000000000e+03 3.195000000000000000e+03 3.110000000000000000e+03 3.126000000000000000e+03 2.248000000000000000e+03 3.203000000000000000e+03 3.075000000000000000e+03 3.151000000000000000e+03 3.083000000000000000e+03 3.143000000000000000e+03 2.978000000000000000e+03 3.029000000000000000e+03 2.919000000000000000e+03
3.200000000000000000e+03 3.265000000000000000e+03 3.227000000000000000e+03 3.139000000000000000e+03 3.154000000000000000e+03 2.197000000000000000e+03 3.116000000000000000e+03 3.125000000000000000e+03 3.103000000000000000e+03 3.009000000000000000e+03 3.104000000000000000e+03 2.864000000000000000e+03 2.833000000000000000e+03
3.259000000000000000e+03 3.256000000000000000e+03 3.134000000000000000e+03 3.136000000000000000e+03 3.114000000000000000e+03 2.898000000000000000e+03 2.120000000000000000e+03 3.039000000000000000e+03 3.031000000000000000e+03 2.933000000000000000e+03 3.026000000000000000e+03 2.811000000000000000e+03 2.910000000000000000e+03
3.128000000000000000e+03 3.132000000000000000e+03 3.352000000000000000e+03 3.218000000000000000e+03 3.095000000000000000e+03 2.981000000000000000e+03 3.000000000000000000e+03 1.987000000000000000e+03 2.931000000000000000e+03 2.981000000000000000e+03 2.889000000000000000e+03 2.833000000000000000e+03 2.836000000000000000e+03
3.233000000000000000e+03 3.212000000000000000e+03 3.173000000000000000e+03 3.114000000000000000e+03 3.164000000000000000e+03 3.027000000000000000e+03 2.940000000000000000e+03 2.974000000000000000e+03 1.943000000000000000e+03 2.819000000000000000e+03 2.776000000000000000e+03 2.858000000000000000e+03 2.610000000000000000e+03
3.157000000000000000e+03 3.128000000000000000e+03 3.070000000000000000e+03 3.028000000000000000e+03 3.067000000000000000e+03 3.082000000000000000e+03 3.024000000000000000e+03 2.963000000000000000e+03 2.831000000000000000e+03 1.822000000000000000e+03 2.758000000000000000e+03 2.742000000000000000e+03 2.740000000000000000e+03
3.060000000000000000e+03 3.066000000000000000e+03 3.161000000000000000e+03 3.058000000000000000e+03 3.034000000000000000e+03 3.115000000000000000e+03 3.009000000000000000e+03 2.988000000000000000e+03 2.820000000000000000e+03 2.863000000000000000e+03 1.580000000000000000e+03 2.682000000000000000e+03 2.552000000000000000e+03
3.143000000000000000e+03 3.042000000000000000e+03 2.996000000000000000e+03 3.005000000000000000e+03 2.824000000000000000e+03 2.907000000000000000e+03 3.002000000000000000e+03 2.929000000000000000e+03 2.709000000000000000e+03 2.683000000000000000e+03 2.752000000000000000e+03 1.515000000000000000e+03 2.596000000000000000e+03
3.000000000000000000e+03 2.910000000000000000e+03 2.969000000000000000e+03 2.949000000000000000e+03 2.869000000000000000e+03 2.782000000000000000e+03 2.801000000000000000e+03 2.848000000000000000e+03 2.757000000000000000e+03 2.642000000000000000e+03 2.666000000000000000e+03 2.507000000000000000e+03 1.357000000000000000e+03
