1.905000000000000000e+03 2.679000000000000000e+03 2.630000000000000000e+03 2.624000000000000000e+03 2.680000000000000000e+03 2.695000000000000000e+03 2.671000000000000000e+03 2.602000000000000000e+03 2.624000000000000000e+03 2.569000000000000000e+03 2.463000000000000000e+03 2.447000000000000000e+03 2.373000000000000000e+03
2.641000000000000000e+03 1.827000000000000000e+03 2.636000000000000000e+03 2.595000000000000000e+03 2.595000000000000000e+03 2.580000000000000000e+03 2.532000000000000000e+03 2.550000000000000000e+03 2.559000000000000000e+03 2.594000000000000000e+03 2.550000000000000000e+03 2.433000000000000000e+03 2.333000000000000000e+03
2.612000000000000000e+03 2.671000000000000000e+03 1.813000000000000000e+03 2.667000000000000000e+03 2.608000000000000000e+03 2.667000000000000000e+03 2.593000000000000000e+03 2.588000000000000000e+03 2.585000000000000000e+03 2.524000000000000000e+03 2.434000000000000000e+03 2.475000000000000000e+03 2.307000000000000000e+03
2.657000000000000000e+03 2.644000000000000000e+03 2.529000000000000000e+03 1.747000000000000000e+03 2.451000000000000000e+03 2.661000000000000000e+03 2.515000000000000000e+03 2.403000000000000000e+03 2.521000000000000000e+03 2.546000000000000000e+03 2.382000000000000000e+03 2.393000000000000000e+03 2.333000000000000000e+03
2.598000000000000000e+03 2.716000000000000000e+03 2.633000000000000000e+03 2.566000000000000000e+03 1.653000000000000000e+03 2.490000000000000000e+03 2.431000000000000000e+03 2.522000000000000000e+03 2.478000000000000000e+03 2.585000000000000000e+03 2.437000000000000000e+03 2.321000000000000000e+03 2.328000000000000000e+03
2.709000000000000000e+03 2.619000000000000000e+03 2.531000000000000000e+03 2.612000000000000000e+03 2.427000000000000000e+03 1.674000000000000000e+03 2.439000000000000000e+03 2.529000000000000000e+03 2.359000000000000000e+03 2.466000000000000000e+03 2.311000000000000000e+03 2.279000000000000000e+03 2.299000000000000000e+03
2.559000000000000000e+03 2.678000000000000000e+03 2.624000000000000000e+03 2.523000000000000000e+03 2.483000000000000000e+03 2.457000000000000000e+03 1.651000000000000000e+03 2.445000000000000000e+03 2.375000000000000000e+03 2.434000000000000000e+03 2.335000000000000000e+03 2.273000000000000000e+03 2.276000000000000000e+03
2.662000000000000000e+03 2.521000000000000000e+03 2.534000000000000000e+03 2.592000000000000000e+03 2.426000000000000000e+03 2.508000000000000000e+03 2.417000000000000000e+03 1.571000000000000000e+03 2.430000000000000000e+03 2.302000000000000000e+03 2.339000000000000000e+03 2.282000000000000000e+03 2.224000000000000000e+03
2.512000000000000000e+03 2.544000000000000000e+03 2.592000000000000000e+03 2.556000000000000000e+03 2.504000000000000000e+03 2.400000000000000000e+03 2.360000000000000000e+03 2.226000000000000000e+03 1.391000000000000000e+03 2.217000000000000000e+03 2.229000000000000000e+03 2.256000000000000000e+03 2.081000000000000000e+03
2.548000000000000000e+03 2.654000000000000000e+03 2.540000000000000000e+03 2.495000000000000000e+03 2.471000000000000000e+03 2.425000000000000000e+03 2.390000000000000000e+03 2.391000000000000000e+03 2.318000000000000000e+03 1.380000000000000000e+03 2.209000000000000000e+03 2.236000000000000000e+03 2.105000000000000000e+03
2.524000000000000000e+03 2.469000000000000000e+03 2.505000000000000000e+03 2.403000000000000000e+03 2.367000000000000000e+03 2.443000000000000000e+03 2.327000000000000000e+03 2.283000000000000000e+03 2.227000000000000000e+03 2.263000000000000000e+03 1.242000000000000000e+03 2.192000000000000000e+03 2.151000000000000000e+03
2.448000000000000000e+03 2.422000000000000000e+03 2.398000000000000000e+03 2.371000000000000000e+03 2.413000000000000000e+03 2.424000000000000000e+03 2.249000000000000000e+03 2.187000000000000000e+03 2.242000000000000000e+03 2.062000000000000000e+03 2.150000000000000000e+03 1.089000000000000000e+03 1.944000000000000000e+03
2.443000000000000000e+03 2.448000000000000000e+03 2.278000000000000000e+03 2.323000000000000000e+03 2.213000000000000000e+03 2.215000000000000000e+03 2.244000000000000000e+03 2.194000000000000000e+03 2.152000000000000000e+03 2.082000000000000000e+03 2.026000000000000000e+03 1.951000000000000000e+03 9.600000000000000000e+02
