3.094900000000000000e+04 4.472600000000000000e+04 4.494700000000000000e+04 4.480200000000000000e+04 4.438500000000000000e+04 4.524400000000000000e+04 4.434400000000000000e+04 4.435500000000000000e+04 4.385200000000000000e+04 4.394300000000000000e+04 4.312200000000000000e+04 4.260700000000000000e+04 4.173900000000000000e+04
4.522600000000000000e+04 3.155700000000000000e+04 4.432700000000000000e+04 4.405800000000000000e+04 4.412900000000000000e+04 4.430800000000000000e+04 4.445000000000000000e+04 4.431500000000000000e+04 4.372800000000000000e+04 4.345700000000000000e+04 4.308700000000000000e+04 4.292300000000000000e+04 4.174600000000000000e+04
4.467500000000000000e+04 4.443800000000000000e+04 3.135900000000000000e+04 4.396000000000000000e+04 4.389500000000000000e+04 4.362500000000000000e+04 4.354000000000000000e+04 4.411100000000000000e+04 4.372800000000000000e+04 4.344300000000000000e+04 4.298500000000000000e+04 4.282400000000000000e+04 4.175900000000000000e+04
4.445000000000000000e+04 4.411900000000000000e+04 4.425900000000000000e+04 3.117300000000000000e+04 4.324900000000000000e+04 4.352900000000000000e+04 4.373900000000000000e+04 4.365200000000000000e+04 4.372600000000000000e+04 4.315900000000000000e+04 4.286100000000000000e+04 4.220900000000000000e+04 4.136200000000000000e+04
4.457300000000000000e+04 4.362400000000000000e+04 4.352800000000000000e+04 4.310700000000000000e+04 3.058300000000000000e+04 4.302300000000000000e+04 4.293900000000000000e+04 4.330000000000000000e+04 4.308500000000000000e+04 4.328200000000000000e+04 4.225700000000000000e+04 4.222400000000000000e+04 4.129500000000000000e+04
4.522100000000000000e+04 4.414400000000000000e+04 4.396700000000000000e+04 4.327300000000000000e+04 4.326100000000000000e+04 3.035800000000000000e+04 4.277600000000000000e+04 4.297200000000000000e+04 4.284200000000000000e+04 4.239400000000000000e+04 4.216200000000000000e+04 4.135700000000000000e+04 4.118100000000000000e+04
4.481800000000000000e+04 4.451000000000000000e+04 4.376000000000000000e+04 4.384200000000000000e+04 4.286800000000000000e+04 4.257900000000000000e+04 2.972600000000000000e+04 4.237300000000000000e+04 4.199100000000000000e+04 4.193600000000000000e+04 4.185800000000000000e+04 4.144900000000000000e+04 4.031500000000000000e+04
4.434400000000000000e+04 4.442700000000000000e+04 4.408300000000000000e+04 4.366700000000000000e+04 4.307800000000000000e+04 4.283400000000000000e+04 4.189000000000000000e+04 2.914700000000000000e+04 4.173700000000000000e+04 4.144700000000000000e+04 4.129400000000000000e+04 4.105200000000000000e+04 4.013000000000000000e+04
4.389500000000000000e+04 4.417400000000000000e+04 4.368800000000000000e+04 4.386700000000000000e+04 4.275900000000000000e+04 4.273900000000000000e+04 4.175700000000000000e+04 4.101800000000000000e+04 2.870900000000000000e+04 4.057300000000000000e+04 4.037400000000000000e+04 4.000200000000000000e+04 3.932400000000000000e+04
4.395000000000000000e+04 4.408900000000000000e+04 4.352700000000000000e+04 4.348000000000000000e+04 4.324000000000000000e+04 4.260600000000000000e+04 4.205400000000000000e+04 4.134700000000000000e+04 4.040200000000000000e+04 2.677500000000000000e+04 3.995800000000000000e+04 3.981300000000000000e+04 3.872300000000000000e+04
4.334700000000000000e+04 4.310200000000000000e+04 4.330500000000000000e+04 4.286500000000000000e+04 4.270400000000000000e+04 4.211900000000000000e+04 4.203600000000000000e+04 4.124100000000000000e+04 4.027900000000000000e+04 3.960400000000000000e+04 2.581900000000000000e+04 3.849900000000000000e+04 3.812100000000000000e+04
4.265600000000000000e+04 4.270600000000000000e+04 4.256200000000000000e+04 4.177400000000000000e+04 4.247400000000000000e+04 4.140700000000000000e+04 4.150500000000000000e+04 4.094700000000000000e+04 3.961100000000000000e+04 3.957500000000000000e+04 3.856500000000000000e+04 2.405800000000000000e+04 3.693600000000000000e+04
4.216300000000000000e+04 4.170400000000000000e+04 4.180400000000000000e+04 4.136800000000000000e+04 4.098200000000000000e+04 4.078800000000000000e+04 4.044000000000000000e+04 3.997500000000000000e+04 3.948200000000000000e+04 3.837100000000000000e+04 3.816900000000000000e+04 3.686600000000000000e+04 2.119000000000000000e+04
