9.480000000000000000e+02 1.501000000000000000e+03 1.456000000000000000e+03 1.443000000000000000e+03 1.458000000000000000e+03 1.427000000000000000e+03 1.399000000000000000e+03 1.402000000000000000e+03 1.351000000000000000e+03 1.294000000000000000e+03 1.249000000000000000e+03 1.208000000000000000e+03 1.211000000000000000e+03
1.411000000000000000e+03 8.740000000000000000e+02 1.434000000000000000e+03 1.413000000000000000e+03 1.398000000000000000e+03 1.384000000000000000e+03 1.422000000000000000e+03 1.290000000000000000e+03 1.313000000000000000e+03 1.296000000000000000e+03 1.249000000000000000e+03 1.214000000000000000e+03 1.174000000000000000e+03
1.451000000000000000e+03 1.459000000000000000e+03 8.850000000000000000e+02 1.380000000000000000e+03 1.384000000000000000e+03 1.344000000000000000e+03 1.384000000000000000e+03 1.398000000000000000e+03 1.291000000000000000e+03 1.195000000000000000e+03 1.230000000000000000e+03 1.187000000000000000e+03 1.136000000000000000e+03
1.401000000000000000e+03 1.387000000000000000e+03 1.352000000000000000e+03 8.000000000000000000e+02 1.245000000000000000e+03 1.368000000000000000e+03 1.275000000000000000e+03 1.309000000000000000e+03 1.322000000000000000e+03 1.218000000000000000e+03 1.155000000000000000e+03 1.184000000000000000e+03 1.112000000000000000e+03
1.361000000000000000e+03 1.397000000000000000e+03 1.350000000000000000e+03 1.321000000000000000e+03 8.110000000000000000e+02 1.302000000000000000e+03 1.341000000000000000e+03 1.278000000000000000e+03 1.209000000000000000e+03 1.211000000000000000e+03 1.137000000000000000e+03 1.118000000000000000e+03 1.067000000000000000e+03
1.455000000000000000e+03 1.374000000000000000e+03 1.372000000000000000e+03 1.316000000000000000e+03 1.287000000000000000e+03 7.430000000000000000e+02 1.246000000000000000e+03 1.162000000000000000e+03 1.241000000000000000e+03 1.196000000000000000e+03 1.134000000000000000e+03 1.159000000000000000e+03 1.002000000000000000e+03
1.371000000000000000e+03 1.409000000000000000e+03 1.338000000000000000e+03 1.259000000000000000e+03 1.324000000000000000e+03 1.302000000000000000e+03 6.550000000000000000e+02 1.208000000000000000e+03 1.266000000000000000e+03 1.187000000000000000e+03 1.171000000000000000e+03 1.106000000000000000e+03 1.007000000000000000e+03
1.365000000000000000e+03 1.292000000000000000e+03 1.388000000000000000e+03 1.361000000000000000e+03 1.245000000000000000e+03 1.289000000000000000e+03 1.187000000000000000e+03 5.920000000000000000e+02 1.202000000000000000e+03 1.112000000000000000e+03 1.131000000000000000e+03 1.059000000000000000e+03 1.028000000000000000e+03
1.350000000000000000e+03 1.350000000000000000e+03 1.357000000000000000e+03 1.276000000000000000e+03 1.269000000000000000e+03 1.316000000000000000e+03 1.180000000000000000e+03 1.190000000000000000e+03 5.500000000000000000e+02 1.089000000000000000e+03 1.127000000000000000e+03 1.028000000000000000e+03 1.009000000000000000e+03
1.369000000000000000e+03 1.353000000000000000e+03 1.236000000000000000e+03 1.240000000000000000e+03 1.223000000000000000e+03 1.278000000000000000e+03 1.244000000000000000e+03 1.124000000000000000e+03 1.129000000000000000e+03 5.200000000000000000e+02 1.048000000000000000e+03 1.035000000000000000e+03 9.440000000000000000e+02
1.326000000000000000e+03 1.293000000000000000e+03 1.232000000000000000e+03 1.228000000000000000e+03 1.170000000000000000e+03 1.229000000000000000e+03 1.138000000000000000e+03 1.115000000000000000e+03 1.106000000000000000e+03 1.125000000000000000e+03 4.530000000000000000e+02 9.670000000000000000e+02 8.890000000000000000e+02
1.283000000000000000e+03 1.211000000000000000e+03 1.232000000000000000e+03 1.156000000000000000e+03 1.129000000000000000e+03 1.156000000000000000e+03 1.132000000000000000e+03 1.009000000000000000e+03 1.019000000000000000e+03 1.071000000000000000e+03 9.570000000000000000e+02 3.880000000000000000e+02 8.860000000000000000e+02
1.112000000000000000e+03 1.127000000000000000e+03 1.167000000000000000e+03 1.102000000000000000e+03 1.029000000000000000e+03 9.790000000000000000e+02 1.044000000000000000e+03 1.028000000000000000e+03 1.006000000000000000e+03 9.780000000000000000e+02 9.110000000000000000e+02 9.750000000000000000e+02 2.930000000000000000e+02
