9.430000000000000000e+02 1.470000000000000000e+03 1.373000000000000000e+03 1.412000000000000000e+03 1.447000000000000000e+03 1.422000000000000000e+03 1.381000000000000000e+03 1.337000000000000000e+03 1.323000000000000000e+03 1.322000000000000000e+03 1.241000000000000000e+03 1.202000000000000000e+03 1.153000000000000000e+03
1.500000000000000000e+03 9.440000000000000000e+02 1.430000000000000000e+03 1.305000000000000000e+03 1.396000000000000000e+03 1.408000000000000000e+03 1.347000000000000000e+03 1.377000000000000000e+03 1.350000000000000000e+03 1.306000000000000000e+03 1.153000000000000000e+03 1.229000000000000000e+03 1.099000000000000000e+03
1.368000000000000000e+03 1.421000000000000000e+03 8.400000000000000000e+02 1.386000000000000000e+03 1.351000000000000000e+03 1.378000000000000000e+03 1.397000000000000000e+03 1.363000000000000000e+03 1.339000000000000000e+03 1.268000000000000000e+03 1.181000000000000000e+03 1.184000000000000000e+03 1.183000000000000000e+03
1.423000000000000000e+03 1.355000000000000000e+03 1.330000000000000000e+03 8.590000000000000000e+02 1.353000000000000000e+03 1.330000000000000000e+03 1.373000000000000000e+03 1.342000000000000000e+03 1.328000000000000000e+03 1.211000000000000000e+03 1.179000000000000000e+03 1.146000000000000000e+03 1.106000000000000000e+03
1.414000000000000000e+03 1.384000000000000000e+03 1.359000000000000000e+03 1.400000000000000000e+03 7.760000000000000000e+02 1.298000000000000000e+03 1.285000000000000000e+03 1.251000000000000000e+03 1.300000000000000000e+03 1.243000000000000000e+03 1.286000000000000000e+03 1.236000000000000000e+03 1.076000000000000000e+03
1.342000000000000000e+03 1.377000000000000000e+03 1.293000000000000000e+03 1.379000000000000000e+03 1.245000000000000000e+03 7.510000000000000000e+02 1.279000000000000000e+03 1.262000000000000000e+03 1.218000000000000000e+03 1.192000000000000000e+03 1.145000000000000000e+03 1.180000000000000000e+03 1.063000000000000000e+03
1.342000000000000000e+03 1.466000000000000000e+03 1.326000000000000000e+03 1.347000000000000000e+03 1.287000000000000000e+03 1.304000000000000000e+03 6.920000000000000000e+02 1.219000000000000000e+03 1.213000000000000000e+03 1.204000000000000000e+03 1.141000000000000000e+03 1.086000000000000000e+03 1.044000000000000000e+03
1.342000000000000000e+03 1.354000000000000000e+03 1.417000000000000000e+03 1.302000000000000000e+03 1.254000000000000000e+03 1.163000000000000000e+03 1.258000000000000000e+03 6.410000000000000000e+02 1.163000000000000000e+03 1.121000000000000000e+03 1.140000000000000000e+03 1.087000000000000000e+03 9.810000000000000000e+02
1.292000000000000000e+03 1.294000000000000000e+03 1.339000000000000000e+03 1.323000000000000000e+03 1.283000000000000000e+03 1.233000000000000000e+03 1.203000000000000000e+03 1.134000000000000000e+03 5.850000000000000000e+02 1.135000000000000000e+03 1.093000000000000000e+03 9.990000000000000000e+02 9.680000000000000000e+02
1.308000000000000000e+03 1.346000000000000000e+03 1.313000000000000000e+03 1.296000000000000000e+03 1.247000000000000000e+03 1.190000000000000000e+03 1.209000000000000000e+03 1.169000000000000000e+03 1.081000000000000000e+03 5.880000000000000000e+02 1.058000000000000000e+03 1.019000000000000000e+03 9.580000000000000000e+02
1.306000000000000000e+03 1.192000000000000000e+03 1.258000000000000000e+03 1.140000000000000000e+03 1.198000000000000000e+03 1.225000000000000000e+03 1.130000000000000000e+03 1.101000000000000000e+03 1.094000000000000000e+03 1.065000000000000000e+03 4.860000000000000000e+02 9.670000000000000000e+02 9.500000000000000000e+02
1.228000000000000000e+03 1.204000000000000000e+03 1.223000000000000000e+03 1.175000000000000000e+03 1.130000000000000000e+03 1.175000000000000000e+03 1.166000000000000000e+03 1.066000000000000000e+03 1.000000000000000000e+03 9.930000000000000000e+02 9.230000000000000000e+02 4.080000000000000000e+02 9.280000000000000000e+02
1.181000000000000000e+03 1.106000000000000000e+03 1.119000000000000000e+03 1.082000000000000000e+03 1.061000000000000000e+03 1.068000000000000000e+03 1.084000000000000000e+03 1.045000000000000000e+03 9.440000000000000000e+02 9.480000000000000000e+02 9.560000000000000000e+02 9.120000000000000000e+02 3.080000000000000000e+02
