4.690000000000000000e+02 8.480000000000000000e+02 8.490000000000000000e+02 7.840000000000000000e+02 7.720000000000000000e+02 7.790000000000000000e+02 7.850000000000000000e+02 7.200000000000000000e+02 7.400000000000000000e+02 6.670000000000000000e+02 6.540000000000000000e+02 5.880000000000000000e+02 5.550000000000000000e+02
8.120000000000000000e+02 4.060000000000000000e+02 7.790000000000000000e+02 7.290000000000000000e+02 7.630000000000000000e+02 7.040000000000000000e+02 7.640000000000000000e+02 7.530000000000000000e+02 6.850000000000000000e+02 6.360000000000000000e+02 5.770000000000000000e+02 5.560000000000000000e+02 5.120000000000000000e+02
8.260000000000000000e+02 7.920000000000000000e+02 3.820000000000000000e+02 7.670000000000000000e+02 7.300000000000000000e+02 7.080000000000000000e+02 7.070000000000000000e+02 6.760000000000000000e+02 6.750000000000000000e+02 6.210000000000000000e+02 5.980000000000000000e+02 5.580000000000000000e+02 5.060000000000000000e+02
8.010000000000000000e+02 7.880000000000000000e+02 7.520000000000000000e+02 3.680000000000000000e+02 7.420000000000000000e+02 7.140000000000000000e+02 7.200000000000000000e+02 7.180000000000000000e+02 6.470000000000000000e+02 6.110000000000000000e+02 6.200000000000000000e+02 5.550000000000000000e+02 4.930000000000000000e+02
7.850000000000000000e+02 7.800000000000000000e+02 7.870000000000000000e+02 7.110000000000000000e+02 3.400000000000000000e+02 6.930000000000000000e+02 6.890000000000000000e+02 6.710000000000000000e+02 6.570000000000000000e+02 6.650000000000000000e+02 5.780000000000000000e+02 4.850000000000000000e+02 4.860000000000000000e+02
7.600000000000000000e+02 8.340000000000000000e+02 7.600000000000000000e+02 7.290000000000000000e+02 6.860000000000000000e+02 3.260000000000000000e+02 6.380000000000000000e+02 6.360000000000000000e+02 6.330000000000000000e+02 5.580000000000000000e+02 5.570000000000000000e+02 5.250000000000000000e+02 4.480000000000000000e+02
7.360000000000000000e+02 7.510000000000000000e+02 7.670000000000000000e+02 6.770000000000000000e+02 7.210000000000000000e+02 6.640000000000000000e+02 3.180000000000000000e+02 6.210000000000000000e+02 6.220000000000000000e+02 5.700000000000000000e+02 5.400000000000000000e+02 5.320000000000000000e+02 4.340000000000000000e+02
7.030000000000000000e+02 7.470000000000000000e+02 6.940000000000000000e+02 6.370000000000000000e+02 6.670000000000000000e+02 6.510000000000000000e+02 6.790000000000000000e+02 2.380000000000000000e+02 5.820000000000000000e+02 5.240000000000000000e+02 5.030000000000000000e+02 5.130000000000000000e+02 4.480000000000000000e+02
6.890000000000000000e+02 6.900000000000000000e+02 6.840000000000000000e+02 6.110000000000000000e+02 7.000000000000000000e+02 6.100000000000000000e+02 6.330000000000000000e+02 6.110000000000000000e+02 1.960000000000000000e+02 5.690000000000000000e+02 5.190000000000000000e+02 4.890000000000000000e+02 3.950000000000000000e+02
6.310000000000000000e+02 6.660000000000000000e+02 6.260000000000000000e+02 5.900000000000000000e+02 6.380000000000000000e+02 5.680000000000000000e+02 6.070000000000000000e+02 5.630000000000000000e+02 5.610000000000000000e+02 1.980000000000000000e+02 4.810000000000000000e+02 4.330000000000000000e+02 4.650000000000000000e+02
5.600000000000000000e+02 5.900000000000000000e+02 5.760000000000000000e+02 5.820000000000000000e+02 5.440000000000000000e+02 5.540000000000000000e+02 5.390000000000000000e+02 4.990000000000000000e+02 5.590000000000000000e+02 5.200000000000000000e+02 1.740000000000000000e+02 4.380000000000000000e+02 4.190000000000000000e+02
6.230000000000000000e+02 5.850000000000000000e+02 5.750000000000000000e+02 5.750000000000000000e+02 5.320000000000000000e+02 4.910000000000000000e+02 4.850000000000000000e+02 5.180000000000000000e+02 4.630000000000000000e+02 4.500000000000000000e+02 4.650000000000000000e+02 1.620000000000000000e+02 3.910000000000000000e+02
4.900000000000000000e+02 5.020000000000000000e+02 5.100000000000000000e+02 5.020000000000000000e+02 5.260000000000000000e+02 4.910000000000000000e+02 4.750000000000000000e+02 4.620000000000000000e+02 4.250000000000000000e+02 4.490000000000000000e+02 4.420000000000000000e+02 4.060000000000000000e+02 1.110000000000000000e+02
