1.870000000000000000e+03 2.707000000000000000e+03 2.605000000000000000e+03 2.675000000000000000e+03 2.571000000000000000e+03 2.704000000000000000e+03 2.605000000000000000e+03 2.509000000000000000e+03 2.616000000000000000e+03 2.586000000000000000e+03 2.519000000000000000e+03 2.536000000000000000e+03 2.391000000000000000e+03
2.832000000000000000e+03 1.798000000000000000e+03 2.606000000000000000e+03 2.713000000000000000e+03 2.604000000000000000e+03 2.634000000000000000e+03 2.723000000000000000e+03 2.617000000000000000e+03 2.618000000000000000e+03 2.620000000000000000e+03 2.474000000000000000e+03 2.442000000000000000e+03 2.339000000000000000e+03
2.678000000000000000e+03 2.728000000000000000e+03 1.827000000000000000e+03 2.680000000000000000e+03 2.596000000000000000e+03 2.571000000000000000e+03 2.630000000000000000e+03 2.596000000000000000e+03 2.505000000000000000e+03 2.493000000000000000e+03 2.545000000000000000e+03 2.364000000000000000e+03 2.315000000000000000e+03
2.635000000000000000e+03 2.653000000000000000e+03 2.541000000000000000e+03 1.700000000000000000e+03 2.464000000000000000e+03 2.516000000000000000e+03 2.495000000000000000e+03 2.550000000000000000e+03 2.559000000000000000e+03 2.434000000000000000e+03 2.482000000000000000e+03 2.407000000000000000e+03 2.259000000000000000e+03
2.647000000000000000e+03 2.658000000000000000e+03 2.520000000000000000e+03 2.440000000000000000e+03 1.767000000000000000e+03 2.467000000000000000e+03 2.527000000000000000e+03 2.455000000000000000e+03 2.511000000000000000e+03 2.549000000000000000e+03 2.402000000000000000e+03 2.371000000000000000e+03 2.381000000000000000e+03
2.624000000000000000e+03 2.683000000000000000e+03 2.627000000000000000e+03 2.529000000000000000e+03 2.511000000000000000e+03 1.707000000000000000e+03 2.374000000000000000e+03 2.389000000000000000e+03 2.383000000000000000e+03 2.461000000000000000e+03 2.427000000000000000e+03 2.280000000000000000e+03 2.246000000000000000e+03
2.585000000000000000e+03 2.655000000000000000e+03 2.568000000000000000e+03 2.545000000000000000e+03 2.549000000000000000e+03 2.447000000000000000e+03 1.549000000000000000e+03 2.324000000000000000e+03 2.362000000000000000e+03 2.456000000000000000e+03 2.461000000000000000e+03 2.287000000000000000e+03 2.282000000000000000e+03
2.614000000000000000e+03 2.591000000000000000e+03 2.561000000000000000e+03 2.540000000000000000e+03 2.492000000000000000e+03 2.475000000000000000e+03 2.381000000000000000e+03 1.524000000000000000e+03 2.379000000000000000e+03 2.320000000000000000e+03 2.441000000000000000e+03 2.214000000000000000e+03 2.205000000000000000e+03
2.490000000000000000e+03 2.597000000000000000e+03 2.480000000000000000e+03 2.514000000000000000e+03 2.568000000000000000e+03 2.443000000000000000e+03 2.410000000000000000e+03 2.292000000000000000e+03 1.452000000000000000e+03 2.330000000000000000e+03 2.154000000000000000e+03 2.167000000000000000e+03 2.002000000000000000e+03
2.504000000000000000e+03 2.445000000000000000e+03 2.436000000000000000e+03 2.457000000000000000e+03 2.499000000000000000e+03 2.438000000000000000e+03 2.312000000000000000e+03 2.321000000000000000e+03 2.320000000000000000e+03 1.351000000000000000e+03 2.149000000000000000e+03 2.112000000000000000e+03 2.141000000000000000e+03
2.611000000000000000e+03 2.457000000000000000e+03 2.473000000000000000e+03 2.454000000000000000e+03 2.392000000000000000e+03 2.353000000000000000e+03 2.343000000000000000e+03 2.326000000000000000e+03 2.227000000000000000e+03 2.186000000000000000e+03 1.267000000000000000e+03 2.108000000000000000e+03 2.129000000000000000e+03
2.447000000000000000e+03 2.447000000000000000e+03 2.459000000000000000e+03 2.474000000000000000e+03 2.426000000000000000e+03 2.367000000000000000e+03 2.271000000000000000e+03 2.247000000000000000e+03 2.239000000000000000e+03 2.204000000000000000e+03 2.172000000000000000e+03 1.127000000000000000e+03 1.952000000000000000e+03
2.353000000000000000e+03 2.327000000000000000e+03 2.350000000000000000e+03 2.227000000000000000e+03 2.313000000000000000e+03 2.293000000000000000e+03 2.247000000000000000e+03 2.262000000000000000e+03 2.174000000000000000e+03 2.060000000000000000e+03 2.039000000000000000e+03 1.978000000000000000e+03 9.550000000000000000e+02
