2.298900000000000000e+04 3.320400000000000000e+04 3.271400000000000000e+04 3.240700000000000000e+04 3.269900000000000000e+04 3.272500000000000000e+04 3.259900000000000000e+04 3.206400000000000000e+04 3.156500000000000000e+04 3.167500000000000000e+04 3.110600000000000000e+04 3.075900000000000000e+04 2.995200000000000000e+04
3.288800000000000000e+04 2.271000000000000000e+04 3.237000000000000000e+04 3.246100000000000000e+04 3.220900000000000000e+04 3.247600000000000000e+04 3.281900000000000000e+04 3.221700000000000000e+04 3.164100000000000000e+04 3.144900000000000000e+04 3.082800000000000000e+04 3.019700000000000000e+04 2.968300000000000000e+04
3.271700000000000000e+04 3.229300000000000000e+04 2.248500000000000000e+04 3.184900000000000000e+04 3.174000000000000000e+04 3.151800000000000000e+04 3.180000000000000000e+04 3.159600000000000000e+04 3.136600000000000000e+04 3.103800000000000000e+04 3.091200000000000000e+04 3.020000000000000000e+04 2.958700000000000000e+04
3.256200000000000000e+04 3.257700000000000000e+04 3.189600000000000000e+04 2.199300000000000000e+04 3.168900000000000000e+04 3.141400000000000000e+04 3.158800000000000000e+04 3.144600000000000000e+04 3.148600000000000000e+04 3.092800000000000000e+04 3.111900000000000000e+04 3.013300000000000000e+04 2.933900000000000000e+04
3.249300000000000000e+04 3.217400000000000000e+04 3.152900000000000000e+04 3.107100000000000000e+04 2.183100000000000000e+04 3.096700000000000000e+04 3.118000000000000000e+04 3.097600000000000000e+04 3.080900000000000000e+04 3.099200000000000000e+04 3.065700000000000000e+04 2.986400000000000000e+04 2.911200000000000000e+04
3.292700000000000000e+04 3.202400000000000000e+04 3.144800000000000000e+04 3.127400000000000000e+04 3.097200000000000000e+04 2.125100000000000000e+04 3.082100000000000000e+04 3.068300000000000000e+04 3.029800000000000000e+04 3.044600000000000000e+04 2.985000000000000000e+04 2.970800000000000000e+04 2.887600000000000000e+04
3.232700000000000000e+04 3.221700000000000000e+04 3.249300000000000000e+04 3.130100000000000000e+04 3.121400000000000000e+04 3.075500000000000000e+04 2.099800000000000000e+04 3.033600000000000000e+04 2.977500000000000000e+04 2.961200000000000000e+04 2.946700000000000000e+04 2.905000000000000000e+04 2.811200000000000000e+04
3.225800000000000000e+04 3.207000000000000000e+04 3.200700000000000000e+04 3.175700000000000000e+04 3.118400000000000000e+04 3.093100000000000000e+04 3.023400000000000000e+04 1.984000000000000000e+04 2.940100000000000000e+04 2.928200000000000000e+04 2.898200000000000000e+04 2.881600000000000000e+04 2.800200000000000000e+04
3.199100000000000000e+04 3.150900000000000000e+04 3.167900000000000000e+04 3.149500000000000000e+04 3.114600000000000000e+04 3.063800000000000000e+04 3.001700000000000000e+04 2.937200000000000000e+04 1.895100000000000000e+04 2.862100000000000000e+04 2.868000000000000000e+04 2.766900000000000000e+04 2.730800000000000000e+04
3.184800000000000000e+04 3.127400000000000000e+04 3.122700000000000000e+04 3.115400000000000000e+04 3.077900000000000000e+04 2.991300000000000000e+04 2.973200000000000000e+04 2.914900000000000000e+04 2.823400000000000000e+04 1.764200000000000000e+04 2.797200000000000000e+04 2.747400000000000000e+04 2.690800000000000000e+04
3.105200000000000000e+04 3.099600000000000000e+04 3.111700000000000000e+04 3.093100000000000000e+04 3.035500000000000000e+04 3.012800000000000000e+04 2.969100000000000000e+04 2.908300000000000000e+04 2.817600000000000000e+04 2.775500000000000000e+04 1.649400000000000000e+04 2.714100000000000000e+04 2.623100000000000000e+04
3.076800000000000000e+04 3.025900000000000000e+04 3.028100000000000000e+04 2.998600000000000000e+04 2.985900000000000000e+04 2.948400000000000000e+04 2.942400000000000000e+04 2.879400000000000000e+04 2.803700000000000000e+04 2.743200000000000000e+04 2.654700000000000000e+04 1.492400000000000000e+04 2.553400000000000000e+04
3.005100000000000000e+04 2.993400000000000000e+04 2.994300000000000000e+04 2.956100000000000000e+04 2.918700000000000000e+04 2.890800000000000000e+04 2.840800000000000000e+04 2.817600000000000000e+04 2.691300000000000000e+04 2.668400000000000000e+04 2.625200000000000000e+04 2.535600000000000000e+04 1.343500000000000000e+04
