9.405000000000000000e+03 1.449700000000000000e+04 1.449200000000000000e+04 1.423300000000000000e+04 1.416600000000000000e+04 1.408500000000000000e+04 1.388500000000000000e+04 1.386800000000000000e+04 1.346900000000000000e+04 1.308200000000000000e+04 1.266100000000000000e+04 1.201100000000000000e+04 1.171300000000000000e+04
1.467400000000000000e+04 9.033000000000000000e+03 1.422500000000000000e+04 1.394900000000000000e+04 1.374100000000000000e+04 1.388700000000000000e+04 1.381600000000000000e+04 1.351300000000000000e+04 1.337400000000000000e+04 1.279500000000000000e+04 1.242600000000000000e+04 1.185900000000000000e+04 1.129900000000000000e+04
1.449900000000000000e+04 1.457900000000000000e+04 8.601000000000000000e+03 1.387700000000000000e+04 1.354400000000000000e+04 1.390800000000000000e+04 1.327500000000000000e+04 1.348100000000000000e+04 1.306200000000000000e+04 1.285100000000000000e+04 1.237400000000000000e+04 1.178700000000000000e+04 1.133000000000000000e+04
1.426200000000000000e+04 1.399600000000000000e+04 1.357200000000000000e+04 8.250000000000000000e+03 1.341200000000000000e+04 1.337200000000000000e+04 1.331400000000000000e+04 1.312200000000000000e+04 1.292800000000000000e+04 1.266300000000000000e+04 1.228000000000000000e+04 1.184500000000000000e+04 1.112700000000000000e+04
1.416500000000000000e+04 1.378200000000000000e+04 1.374800000000000000e+04 1.342800000000000000e+04 7.659000000000000000e+03 1.285300000000000000e+04 1.280600000000000000e+04 1.290600000000000000e+04 1.266100000000000000e+04 1.272700000000000000e+04 1.197100000000000000e+04 1.126400000000000000e+04 1.104400000000000000e+04
1.419000000000000000e+04 1.385000000000000000e+04 1.361200000000000000e+04 1.338700000000000000e+04 1.292500000000000000e+04 7.267000000000000000e+03 1.265600000000000000e+04 1.238900000000000000e+04 1.219600000000000000e+04 1.194000000000000000e+04 1.187500000000000000e+04 1.100900000000000000e+04 1.064500000000000000e+04
1.390800000000000000e+04 1.384100000000000000e+04 1.359100000000000000e+04 1.330000000000000000e+04 1.297700000000000000e+04 1.266900000000000000e+04 6.672000000000000000e+03 1.224500000000000000e+04 1.193400000000000000e+04 1.189300000000000000e+04 1.145800000000000000e+04 1.106900000000000000e+04 1.040200000000000000e+04
1.369000000000000000e+04 1.352400000000000000e+04 1.337400000000000000e+04 1.309300000000000000e+04 1.280000000000000000e+04 1.257900000000000000e+04 1.221000000000000000e+04 6.340000000000000000e+03 1.154200000000000000e+04 1.178900000000000000e+04 1.106500000000000000e+04 1.064700000000000000e+04 1.034800000000000000e+04
1.336300000000000000e+04 1.330000000000000000e+04 1.308800000000000000e+04 1.280700000000000000e+04 1.267500000000000000e+04 1.227200000000000000e+04 1.202600000000000000e+04 1.189300000000000000e+04 5.736000000000000000e+03 1.109100000000000000e+04 1.059400000000000000e+04 1.024100000000000000e+04 9.963000000000000000e+03
1.285800000000000000e+04 1.299800000000000000e+04 1.278400000000000000e+04 1.245700000000000000e+04 1.239800000000000000e+04 1.215600000000000000e+04 1.181500000000000000e+04 1.177700000000000000e+04 1.100100000000000000e+04 5.142000000000000000e+03 1.068500000000000000e+04 1.028700000000000000e+04 9.660000000000000000e+03
1.251800000000000000e+04 1.264600000000000000e+04 1.237600000000000000e+04 1.220100000000000000e+04 1.189000000000000000e+04 1.159900000000000000e+04 1.156900000000000000e+04 1.124100000000000000e+04 1.070300000000000000e+04 1.056500000000000000e+04 4.519000000000000000e+03 9.946000000000000000e+03 9.299000000000000000e+03
1.238200000000000000e+04 1.216000000000000000e+04 1.190400000000000000e+04 1.155300000000000000e+04 1.141500000000000000e+04 1.124200000000000000e+04 1.116900000000000000e+04 1.058900000000000000e+04 1.022100000000000000e+04 1.008100000000000000e+04 9.826000000000000000e+03 4.031000000000000000e+03 9.183000000000000000e+03
1.166900000000000000e+04 1.126400000000000000e+04 1.126900000000000000e+04 1.128700000000000000e+04 1.083700000000000000e+04 1.056700000000000000e+04 1.044100000000000000e+04 1.030400000000000000e+04 9.925000000000000000e+03 9.520000000000000000e+03 9.273000000000000000e+03 9.042000000000000000e+03 3.323000000000000000e+03
