2.602000000000000000e+03 3.914000000000000000e+03 3.836000000000000000e+03 3.823000000000000000e+03 3.843000000000000000e+03 3.855000000000000000e+03 3.882000000000000000e+03 3.859000000000000000e+03 3.811000000000000000e+03 3.750000000000000000e+03 3.700000000000000000e+03 3.668000000000000000e+03 3.593000000000000000e+03
3.833000000000000000e+03 2.760000000000000000e+03 3.841000000000000000e+03 3.799000000000000000e+03 3.800000000000000000e+03 3.830000000000000000e+03 3.893000000000000000e+03 3.807000000000000000e+03 3.773000000000000000e+03 3.711000000000000000e+03 3.650000000000000000e+03 3.742000000000000000e+03 3.598000000000000000e+03
3.833000000000000000e+03 3.899000000000000000e+03 2.653000000000000000e+03 3.762000000000000000e+03 3.710000000000000000e+03 3.829000000000000000e+03 3.916000000000000000e+03 3.781000000000000000e+03 3.733000000000000000e+03 3.739000000000000000e+03 3.779000000000000000e+03 3.635000000000000000e+03 3.563000000000000000e+03
3.860000000000000000e+03 3.858000000000000000e+03 3.775000000000000000e+03 2.702000000000000000e+03 3.644000000000000000e+03 3.626000000000000000e+03 3.710000000000000000e+03 3.754000000000000000e+03 3.767000000000000000e+03 3.631000000000000000e+03 3.664000000000000000e+03 3.631000000000000000e+03 3.556000000000000000e+03
3.789000000000000000e+03 3.807000000000000000e+03 3.833000000000000000e+03 3.824000000000000000e+03 2.617000000000000000e+03 3.702000000000000000e+03 3.774000000000000000e+03 3.679000000000000000e+03 3.657000000000000000e+03 3.657000000000000000e+03 3.703000000000000000e+03 3.663000000000000000e+03 3.515000000000000000e+03
3.874000000000000000e+03 3.846000000000000000e+03 3.793000000000000000e+03 3.781000000000000000e+03 3.657000000000000000e+03 2.629000000000000000e+03 3.658000000000000000e+03 3.675000000000000000e+03 3.730000000000000000e+03 3.731000000000000000e+03 3.670000000000000000e+03 3.526000000000000000e+03 3.509000000000000000e+03
3.871000000000000000e+03 3.691000000000000000e+03 3.880000000000000000e+03 3.805000000000000000e+03 3.725000000000000000e+03 3.700000000000000000e+03 2.439000000000000000e+03 3.659000000000000000e+03 3.539000000000000000e+03 3.690000000000000000e+03 3.558000000000000000e+03 3.448000000000000000e+03 3.465000000000000000e+03
3.879000000000000000e+03 3.926000000000000000e+03 3.880000000000000000e+03 3.743000000000000000e+03 3.684000000000000000e+03 3.613000000000000000e+03 3.704000000000000000e+03 2.473000000000000000e+03 3.589000000000000000e+03 3.437000000000000000e+03 3.522000000000000000e+03 3.451000000000000000e+03 3.390000000000000000e+03
3.734000000000000000e+03 3.899000000000000000e+03 3.807000000000000000e+03 3.754000000000000000e+03 3.775000000000000000e+03 3.626000000000000000e+03 3.617000000000000000e+03 3.564000000000000000e+03 2.387000000000000000e+03 3.620000000000000000e+03 3.506000000000000000e+03 3.351000000000000000e+03 3.218000000000000000e+03
3.683000000000000000e+03 3.702000000000000000e+03 3.701000000000000000e+03 3.808000000000000000e+03 3.724000000000000000e+03 3.662000000000000000e+03 3.565000000000000000e+03 3.651000000000000000e+03 3.386000000000000000e+03 2.307000000000000000e+03 3.367000000000000000e+03 3.306000000000000000e+03 3.256000000000000000e+03
3.654000000000000000e+03 3.744000000000000000e+03 3.699000000000000000e+03 3.616000000000000000e+03 3.583000000000000000e+03 3.543000000000000000e+03 3.589000000000000000e+03 3.516000000000000000e+03 3.397000000000000000e+03 3.331000000000000000e+03 2.143000000000000000e+03 3.301000000000000000e+03 3.245000000000000000e+03
3.738000000000000000e+03 3.712000000000000000e+03 3.630000000000000000e+03 3.604000000000000000e+03 3.500000000000000000e+03 3.534000000000000000e+03 3.481000000000000000e+03 3.422000000000000000e+03 3.292000000000000000e+03 3.288000000000000000e+03 3.329000000000000000e+03 1.969000000000000000e+03 3.119000000000000000e+03
3.652000000000000000e+03 3.442000000000000000e+03 3.658000000000000000e+03 3.463000000000000000e+03 3.488000000000000000e+03 3.521000000000000000e+03 3.387000000000000000e+03 3.522000000000000000e+03 3.330000000000000000e+03 3.265000000000000000e+03 3.195000000000000000e+03 3.122000000000000000e+03 1.757000000000000000e+03
