1.393000000000000000e+03 2.049000000000000000e+03 2.014000000000000000e+03 2.118000000000000000e+03 2.026000000000000000e+03 2.072000000000000000e+03 2.021000000000000000e+03 2.029000000000000000e+03 1.899000000000000000e+03 1.930000000000000000e+03 1.925000000000000000e+03 1.873000000000000000e+03 1.746000000000000000e+03
2.151000000000000000e+03 1.331000000000000000e+03 2.014000000000000000e+03 2.018000000000000000e+03 1.993000000000000000e+03 2.049000000000000000e+03 2.031000000000000000e+03 2.037000000000000000e+03 1.905000000000000000e+03 1.882000000000000000e+03 1.937000000000000000e+03 1.899000000000000000e+03 1.813000000000000000e+03
2.101000000000000000e+03 2.045000000000000000e+03 1.330000000000000000e+03 2.011000000000000000e+03 1.957000000000000000e+03 1.974000000000000000e+03 2.004000000000000000e+03 2.005000000000000000e+03 1.888000000000000000e+03 1.947000000000000000e+03 1.862000000000000000e+03 1.856000000000000000e+03 1.764000000000000000e+03
2.088000000000000000e+03 1.893000000000000000e+03 2.003000000000000000e+03 1.227000000000000000e+03 1.965000000000000000e+03 1.973000000000000000e+03 2.006000000000000000e+03 1.954000000000000000e+03 1.920000000000000000e+03 1.842000000000000000e+03 1.878000000000000000e+03 1.741000000000000000e+03 1.703000000000000000e+03
2.010000000000000000e+03 2.072000000000000000e+03 1.967000000000000000e+03 1.922000000000000000e+03 1.205000000000000000e+03 1.905000000000000000e+03 1.903000000000000000e+03 1.885000000000000000e+03 1.883000000000000000e+03 1.820000000000000000e+03 1.853000000000000000e+03 1.709000000000000000e+03 1.751000000000000000e+03
2.029000000000000000e+03 2.022000000000000000e+03 2.016000000000000000e+03 1.993000000000000000e+03 1.925000000000000000e+03 1.157000000000000000e+03 1.856000000000000000e+03 1.853000000000000000e+03 1.839000000000000000e+03 1.852000000000000000e+03 1.827000000000000000e+03 1.701000000000000000e+03 1.712000000000000000e+03
1.887000000000000000e+03 1.953000000000000000e+03 2.022000000000000000e+03 1.988000000000000000e+03 1.900000000000000000e+03 1.856000000000000000e+03 1.124000000000000000e+03 1.741000000000000000e+03 1.818000000000000000e+03 1.727000000000000000e+03 1.756000000000000000e+03 1.647000000000000000e+03 1.611000000000000000e+03
1.984000000000000000e+03 2.027000000000000000e+03 1.979000000000000000e+03 1.860000000000000000e+03 1.814000000000000000e+03 1.836000000000000000e+03 1.832000000000000000e+03 1.033000000000000000e+03 1.710000000000000000e+03 1.650000000000000000e+03 1.701000000000000000e+03 1.694000000000000000e+03 1.574000000000000000e+03
2.019000000000000000e+03 2.008000000000000000e+03 1.975000000000000000e+03 1.963000000000000000e+03 1.861000000000000000e+03 1.868000000000000000e+03 1.743000000000000000e+03 1.712000000000000000e+03 9.170000000000000000e+02 1.632000000000000000e+03 1.710000000000000000e+03 1.649000000000000000e+03 1.597000000000000000e+03
2.007000000000000000e+03 1.937000000000000000e+03 1.931000000000000000e+03 1.884000000000000000e+03 1.932000000000000000e+03 1.872000000000000000e+03 1.772000000000000000e+03 1.725000000000000000e+03 1.677000000000000000e+03 8.040000000000000000e+02 1.619000000000000000e+03 1.613000000000000000e+03 1.512000000000000000e+03
1.843000000000000000e+03 1.855000000000000000e+03 1.903000000000000000e+03 1.766000000000000000e+03 1.857000000000000000e+03 1.860000000000000000e+03 1.790000000000000000e+03 1.695000000000000000e+03 1.571000000000000000e+03 1.569000000000000000e+03 7.590000000000000000e+02 1.490000000000000000e+03 1.465000000000000000e+03
1.880000000000000000e+03 1.832000000000000000e+03 1.772000000000000000e+03 1.752000000000000000e+03 1.778000000000000000e+03 1.706000000000000000e+03 1.687000000000000000e+03 1.619000000000000000e+03 1.533000000000000000e+03 1.544000000000000000e+03 1.583000000000000000e+03 6.510000000000000000e+02 1.488000000000000000e+03
1.789000000000000000e+03 1.759000000000000000e+03 1.820000000000000000e+03 1.720000000000000000e+03 1.655000000000000000e+03 1.694000000000000000e+03 1.655000000000000000e+03 1.637000000000000000e+03 1.498000000000000000e+03 1.576000000000000000e+03 1.469000000000000000e+03 1.452000000000000000e+03 6.060000000000000000e+02
