1.865400000000000000e+04 2.703900000000000000e+04 2.682200000000000000e+04 2.681300000000000000e+04 2.639700000000000000e+04 2.656400000000000000e+04 2.615900000000000000e+04 2.601100000000000000e+04 2.593600000000000000e+04 2.571400000000000000e+04 2.508200000000000000e+04 2.464200000000000000e+04 2.380000000000000000e+04
2.695300000000000000e+04 1.841200000000000000e+04 2.680500000000000000e+04 2.612900000000000000e+04 2.607600000000000000e+04 2.637900000000000000e+04 2.628800000000000000e+04 2.572300000000000000e+04 2.535800000000000000e+04 2.529700000000000000e+04 2.486400000000000000e+04 2.458100000000000000e+04 2.344800000000000000e+04
2.684200000000000000e+04 2.635600000000000000e+04 1.772000000000000000e+04 2.615200000000000000e+04 2.518000000000000000e+04 2.579800000000000000e+04 2.553900000000000000e+04 2.583500000000000000e+04 2.554500000000000000e+04 2.507700000000000000e+04 2.494200000000000000e+04 2.417000000000000000e+04 2.338100000000000000e+04
2.679700000000000000e+04 2.589800000000000000e+04 2.600100000000000000e+04 1.775200000000000000e+04 2.511200000000000000e+04 2.533900000000000000e+04 2.531400000000000000e+04 2.518400000000000000e+04 2.526300000000000000e+04 2.485400000000000000e+04 2.444200000000000000e+04 2.381500000000000000e+04 2.333900000000000000e+04
2.657100000000000000e+04 2.617700000000000000e+04 2.583400000000000000e+04 2.515700000000000000e+04 1.721200000000000000e+04 2.511900000000000000e+04 2.541400000000000000e+04 2.469900000000000000e+04 2.477000000000000000e+04 2.459500000000000000e+04 2.430400000000000000e+04 2.386200000000000000e+04 2.335600000000000000e+04
2.695300000000000000e+04 2.591800000000000000e+04 2.572900000000000000e+04 2.561800000000000000e+04 2.508000000000000000e+04 1.634500000000000000e+04 2.491300000000000000e+04 2.458900000000000000e+04 2.457500000000000000e+04 2.436800000000000000e+04 2.397700000000000000e+04 2.356200000000000000e+04 2.274000000000000000e+04
2.639300000000000000e+04 2.630800000000000000e+04 2.608400000000000000e+04 2.536400000000000000e+04 2.511500000000000000e+04 2.479900000000000000e+04 1.602800000000000000e+04 2.446300000000000000e+04 2.407400000000000000e+04 2.374600000000000000e+04 2.330900000000000000e+04 2.318400000000000000e+04 2.227200000000000000e+04
2.595900000000000000e+04 2.583500000000000000e+04 2.564200000000000000e+04 2.549400000000000000e+04 2.498500000000000000e+04 2.440200000000000000e+04 2.408700000000000000e+04 1.500600000000000000e+04 2.356400000000000000e+04 2.306400000000000000e+04 2.321600000000000000e+04 2.259500000000000000e+04 2.196600000000000000e+04
2.580700000000000000e+04 2.557800000000000000e+04 2.536600000000000000e+04 2.529700000000000000e+04 2.480100000000000000e+04 2.470500000000000000e+04 2.373400000000000000e+04 2.309500000000000000e+04 1.440200000000000000e+04 2.257800000000000000e+04 2.235200000000000000e+04 2.199300000000000000e+04 2.108400000000000000e+04
2.529700000000000000e+04 2.543100000000000000e+04 2.522300000000000000e+04 2.492200000000000000e+04 2.488000000000000000e+04 2.427200000000000000e+04 2.395700000000000000e+04 2.321000000000000000e+04 2.271900000000000000e+04 1.343000000000000000e+04 2.214400000000000000e+04 2.149000000000000000e+04 2.064000000000000000e+04
2.509300000000000000e+04 2.495000000000000000e+04 2.480500000000000000e+04 2.449600000000000000e+04 2.411900000000000000e+04 2.417500000000000000e+04 2.349700000000000000e+04 2.290500000000000000e+04 2.227700000000000000e+04 2.200500000000000000e+04 1.236700000000000000e+04 2.129000000000000000e+04 2.046800000000000000e+04
2.461600000000000000e+04 2.451500000000000000e+04 2.409400000000000000e+04 2.373300000000000000e+04 2.390600000000000000e+04 2.359500000000000000e+04 2.330900000000000000e+04 2.269800000000000000e+04 2.202400000000000000e+04 2.152900000000000000e+04 2.095700000000000000e+04 1.101200000000000000e+04 1.978700000000000000e+04
2.390600000000000000e+04 2.375600000000000000e+04 2.377900000000000000e+04 2.328200000000000000e+04 2.314100000000000000e+04 2.300800000000000000e+04 2.236100000000000000e+04 2.198200000000000000e+04 2.110100000000000000e+04 2.074500000000000000e+04 2.051900000000000000e+04 2.017000000000000000e+04 9.637000000000000000e+03
