4.487000000000000000e+03 8.190000000000000000e+03 8.074000000000000000e+03 8.003000000000000000e+03 7.877000000000000000e+03 7.873000000000000000e+03 7.460000000000000000e+03 7.249000000000000000e+03 6.979000000000000000e+03 6.676000000000000000e+03 6.252000000000000000e+03 5.850000000000000000e+03 5.448000000000000000e+03
8.368000000000000000e+03 4.137000000000000000e+03 7.717000000000000000e+03 7.903000000000000000e+03 7.720000000000000000e+03 7.726000000000000000e+03 7.454000000000000000e+03 7.113000000000000000e+03 6.930000000000000000e+03 6.550000000000000000e+03 6.011000000000000000e+03 5.758000000000000000e+03 5.345000000000000000e+03
8.036000000000000000e+03 8.023000000000000000e+03 3.945000000000000000e+03 7.667000000000000000e+03 7.451000000000000000e+03 7.366000000000000000e+03 7.213000000000000000e+03 7.205000000000000000e+03 6.643000000000000000e+03 6.401000000000000000e+03 5.992000000000000000e+03 5.701000000000000000e+03 5.227000000000000000e+03
7.920000000000000000e+03 7.819000000000000000e+03 7.680000000000000000e+03 3.707000000000000000e+03 7.242000000000000000e+03 7.033000000000000000e+03 7.035000000000000000e+03 6.992000000000000000e+03 6.605000000000000000e+03 6.150000000000000000e+03 5.914000000000000000e+03 5.541000000000000000e+03 4.964000000000000000e+03
7.929000000000000000e+03 7.511000000000000000e+03 7.512000000000000000e+03 6.971000000000000000e+03 3.360000000000000000e+03 6.819000000000000000e+03 6.807000000000000000e+03 6.644000000000000000e+03 6.270000000000000000e+03 5.907000000000000000e+03 5.868000000000000000e+03 5.412000000000000000e+03 4.930000000000000000e+03
7.765000000000000000e+03 7.574000000000000000e+03 7.268000000000000000e+03 7.174000000000000000e+03 7.054000000000000000e+03 3.051000000000000000e+03 6.694000000000000000e+03 6.417000000000000000e+03 6.178000000000000000e+03 6.016000000000000000e+03 5.636000000000000000e+03 5.199000000000000000e+03 4.902000000000000000e+03
7.297000000000000000e+03 7.525000000000000000e+03 7.283000000000000000e+03 7.002000000000000000e+03 6.895000000000000000e+03 6.492000000000000000e+03 2.705000000000000000e+03 6.221000000000000000e+03 5.987000000000000000e+03 5.687000000000000000e+03 5.447000000000000000e+03 4.994000000000000000e+03 4.752000000000000000e+03
7.408000000000000000e+03 7.166000000000000000e+03 7.138000000000000000e+03 6.794000000000000000e+03 6.660000000000000000e+03 6.426000000000000000e+03 6.167000000000000000e+03 2.484000000000000000e+03 5.688000000000000000e+03 5.543000000000000000e+03 5.276000000000000000e+03 4.895000000000000000e+03 4.617000000000000000e+03
6.830000000000000000e+03 6.868000000000000000e+03 6.873000000000000000e+03 6.591000000000000000e+03 6.407000000000000000e+03 6.258000000000000000e+03 5.965000000000000000e+03 5.866000000000000000e+03 2.302000000000000000e+03 5.207000000000000000e+03 5.044000000000000000e+03 4.659000000000000000e+03 4.331000000000000000e+03
6.693000000000000000e+03 6.452000000000000000e+03 6.436000000000000000e+03 6.302000000000000000e+03 6.277000000000000000e+03 5.887000000000000000e+03 5.643000000000000000e+03 5.573000000000000000e+03 5.400000000000000000e+03 2.028000000000000000e+03 5.064000000000000000e+03 4.665000000000000000e+03 4.386000000000000000e+03
6.256000000000000000e+03 6.178000000000000000e+03 5.952000000000000000e+03 5.757000000000000000e+03 5.809000000000000000e+03 5.581000000000000000e+03 5.537000000000000000e+03 5.416000000000000000e+03 5.158000000000000000e+03 4.980000000000000000e+03 1.764000000000000000e+03 4.520000000000000000e+03 4.255000000000000000e+03
5.826000000000000000e+03 5.667000000000000000e+03 5.549000000000000000e+03 5.524000000000000000e+03 5.283000000000000000e+03 5.188000000000000000e+03 5.122000000000000000e+03 5.013000000000000000e+03 4.702000000000000000e+03 4.663000000000000000e+03 4.546000000000000000e+03 1.531000000000000000e+03 4.143000000000000000e+03
5.351000000000000000e+03 5.305000000000000000e+03 5.086000000000000000e+03 5.021000000000000000e+03 4.930000000000000000e+03 4.833000000000000000e+03 4.751000000000000000e+03 4.658000000000000000e+03 4.354000000000000000e+03 4.307000000000000000e+03 4.137000000000000000e+03 4.078000000000000000e+03 1.223000000000000000e+03
