2.233000000000000000e+03 3.265000000000000000e+03 3.315000000000000000e+03 3.268000000000000000e+03 3.280000000000000000e+03 3.201000000000000000e+03 3.306000000000000000e+03 3.274000000000000000e+03 3.277000000000000000e+03 3.171000000000000000e+03 3.133000000000000000e+03 3.119000000000000000e+03 2.917000000000000000e+03
3.398000000000000000e+03 2.342000000000000000e+03 3.208000000000000000e+03 3.300000000000000000e+03 3.133000000000000000e+03 3.223000000000000000e+03 3.141000000000000000e+03 3.144000000000000000e+03 3.152000000000000000e+03 3.122000000000000000e+03 3.093000000000000000e+03 3.021000000000000000e+03 3.019000000000000000e+03
3.315000000000000000e+03 3.219000000000000000e+03 2.226000000000000000e+03 3.197000000000000000e+03 3.125000000000000000e+03 3.207000000000000000e+03 3.255000000000000000e+03 3.176000000000000000e+03 3.148000000000000000e+03 3.045000000000000000e+03 2.987000000000000000e+03 2.994000000000000000e+03 2.915000000000000000e+03
3.212000000000000000e+03 3.201000000000000000e+03 3.192000000000000000e+03 2.217000000000000000e+03 3.094000000000000000e+03 3.154000000000000000e+03 3.083000000000000000e+03 3.219000000000000000e+03 3.082000000000000000e+03 3.073000000000000000e+03 3.152000000000000000e+03 3.006000000000000000e+03 2.927000000000000000e+03
3.256000000000000000e+03 3.214000000000000000e+03 3.156000000000000000e+03 3.223000000000000000e+03 2.256000000000000000e+03 3.061000000000000000e+03 3.110000000000000000e+03 3.024000000000000000e+03 3.075000000000000000e+03 3.140000000000000000e+03 3.075000000000000000e+03 3.040000000000000000e+03 2.924000000000000000e+03
3.265000000000000000e+03 3.237000000000000000e+03 3.279000000000000000e+03 3.097000000000000000e+03 2.988000000000000000e+03 2.161000000000000000e+03 3.037000000000000000e+03 3.046000000000000000e+03 3.087000000000000000e+03 3.045000000000000000e+03 3.049000000000000000e+03 3.044000000000000000e+03 2.834000000000000000e+03
3.185000000000000000e+03 3.252000000000000000e+03 3.153000000000000000e+03 3.200000000000000000e+03 3.106000000000000000e+03 3.038000000000000000e+03 2.073000000000000000e+03 2.958000000000000000e+03 2.923000000000000000e+03 2.912000000000000000e+03 3.001000000000000000e+03 2.979000000000000000e+03 2.805000000000000000e+03
3.298000000000000000e+03 3.154000000000000000e+03 3.291000000000000000e+03 3.130000000000000000e+03 3.132000000000000000e+03 3.077000000000000000e+03 3.143000000000000000e+03 2.006000000000000000e+03 2.951000000000000000e+03 2.968000000000000000e+03 2.915000000000000000e+03 2.872000000000000000e+03 2.830000000000000000e+03
3.209000000000000000e+03 3.225000000000000000e+03 3.179000000000000000e+03 3.176000000000000000e+03 3.045000000000000000e+03 3.081000000000000000e+03 3.088000000000000000e+03 2.964000000000000000e+03 1.872000000000000000e+03 2.815000000000000000e+03 2.831000000000000000e+03 2.790000000000000000e+03 2.720000000000000000e+03
3.149000000000000000e+03 3.205000000000000000e+03 3.060000000000000000e+03 3.089000000000000000e+03 3.032000000000000000e+03 3.084000000000000000e+03 3.010000000000000000e+03 2.955000000000000000e+03 2.774000000000000000e+03 1.800000000000000000e+03 2.803000000000000000e+03 2.761000000000000000e+03 2.756000000000000000e+03
3.027000000000000000e+03 3.158000000000000000e+03 3.146000000000000000e+03 3.184000000000000000e+03 3.019000000000000000e+03 2.987000000000000000e+03 2.931000000000000000e+03 2.834000000000000000e+03 2.814000000000000000e+03 2.754000000000000000e+03 1.683000000000000000e+03 2.683000000000000000e+03 2.533000000000000000e+03
3.069000000000000000e+03 2.983000000000000000e+03 2.967000000000000000e+03 3.051000000000000000e+03 3.005000000000000000e+03 3.057000000000000000e+03 2.876000000000000000e+03 2.813000000000000000e+03 2.730000000000000000e+03 2.754000000000000000e+03 2.702000000000000000e+03 1.403000000000000000e+03 2.547000000000000000e+03
3.004000000000000000e+03 3.031000000000000000e+03 3.003000000000000000e+03 2.875000000000000000e+03 2.924000000000000000e+03 2.895000000000000000e+03 2.845000000000000000e+03 2.839000000000000000e+03 2.705000000000000000e+03 2.596000000000000000e+03 2.580000000000000000e+03 2.611000000000000000e+03 1.358000000000000000e+03
