1.419500000000000000e+04 2.094400000000000000e+04 2.081400000000000000e+04 2.055000000000000000e+04 2.015700000000000000e+04 2.066700000000000000e+04 2.011300000000000000e+04 1.999400000000000000e+04 1.956700000000000000e+04 1.935800000000000000e+04 1.890700000000000000e+04 1.869200000000000000e+04 1.765000000000000000e+04
2.089900000000000000e+04 1.381800000000000000e+04 2.037600000000000000e+04 2.010700000000000000e+04 2.006100000000000000e+04 2.001400000000000000e+04 2.009500000000000000e+04 1.992100000000000000e+04 1.936300000000000000e+04 1.910400000000000000e+04 1.863700000000000000e+04 1.810100000000000000e+04 1.763300000000000000e+04
2.072300000000000000e+04 2.051000000000000000e+04 1.325800000000000000e+04 1.984800000000000000e+04 1.958400000000000000e+04 1.959100000000000000e+04 1.971100000000000000e+04 1.960500000000000000e+04 1.910900000000000000e+04 1.869200000000000000e+04 1.867400000000000000e+04 1.824800000000000000e+04 1.762200000000000000e+04
2.037400000000000000e+04 2.010700000000000000e+04 1.959400000000000000e+04 1.301100000000000000e+04 1.923900000000000000e+04 1.902600000000000000e+04 1.941200000000000000e+04 1.936300000000000000e+04 1.898100000000000000e+04 1.888600000000000000e+04 1.839200000000000000e+04 1.776500000000000000e+04 1.721400000000000000e+04
2.067200000000000000e+04 2.007500000000000000e+04 1.954300000000000000e+04 1.925200000000000000e+04 1.257900000000000000e+04 1.891400000000000000e+04 1.916200000000000000e+04 1.876300000000000000e+04 1.886300000000000000e+04 1.861100000000000000e+04 1.827300000000000000e+04 1.743300000000000000e+04 1.705700000000000000e+04
2.025000000000000000e+04 2.019800000000000000e+04 1.958700000000000000e+04 1.933600000000000000e+04 1.886300000000000000e+04 1.187200000000000000e+04 1.855800000000000000e+04 1.843800000000000000e+04 1.804200000000000000e+04 1.822100000000000000e+04 1.805200000000000000e+04 1.759400000000000000e+04 1.657200000000000000e+04
2.027600000000000000e+04 2.009600000000000000e+04 1.970000000000000000e+04 1.940800000000000000e+04 1.906900000000000000e+04 1.847200000000000000e+04 1.134600000000000000e+04 1.787500000000000000e+04 1.805700000000000000e+04 1.784800000000000000e+04 1.750600000000000000e+04 1.705700000000000000e+04 1.635600000000000000e+04
1.973900000000000000e+04 1.978600000000000000e+04 1.968900000000000000e+04 1.947300000000000000e+04 1.877200000000000000e+04 1.856100000000000000e+04 1.823800000000000000e+04 1.064700000000000000e+04 1.756200000000000000e+04 1.727000000000000000e+04 1.696700000000000000e+04 1.668500000000000000e+04 1.626000000000000000e+04
1.938700000000000000e+04 1.945800000000000000e+04 1.946200000000000000e+04 1.920700000000000000e+04 1.873000000000000000e+04 1.830800000000000000e+04 1.784000000000000000e+04 1.747000000000000000e+04 9.613000000000000000e+03 1.701700000000000000e+04 1.646800000000000000e+04 1.627000000000000000e+04 1.561800000000000000e+04
1.964100000000000000e+04 1.941400000000000000e+04 1.892600000000000000e+04 1.885200000000000000e+04 1.849100000000000000e+04 1.831600000000000000e+04 1.791600000000000000e+04 1.755200000000000000e+04 1.675700000000000000e+04 8.942000000000000000e+03 1.611400000000000000e+04 1.586900000000000000e+04 1.503100000000000000e+04
1.891600000000000000e+04 1.875900000000000000e+04 1.848500000000000000e+04 1.852700000000000000e+04 1.801400000000000000e+04 1.809900000000000000e+04 1.735300000000000000e+04 1.717100000000000000e+04 1.629800000000000000e+04 1.627500000000000000e+04 8.198000000000000000e+03 1.552800000000000000e+04 1.481000000000000000e+04
1.840000000000000000e+04 1.824700000000000000e+04 1.818600000000000000e+04 1.792800000000000000e+04 1.764200000000000000e+04 1.732800000000000000e+04 1.722500000000000000e+04 1.646600000000000000e+04 1.613300000000000000e+04 1.574200000000000000e+04 1.546900000000000000e+04 7.241000000000000000e+03 1.435900000000000000e+04
1.776300000000000000e+04 1.766900000000000000e+04 1.738400000000000000e+04 1.713300000000000000e+04 1.701100000000000000e+04 1.683800000000000000e+04 1.634800000000000000e+04 1.642400000000000000e+04 1.540100000000000000e+04 1.529000000000000000e+04 1.491700000000000000e+04 1.439300000000000000e+04 6.190000000000000000e+03
