2.681200000000000000e+04 3.877800000000000000e+04 3.873400000000000000e+04 3.892500000000000000e+04 3.830500000000000000e+04 3.887200000000000000e+04 3.845000000000000000e+04 3.830600000000000000e+04 3.800400000000000000e+04 3.735700000000000000e+04 3.728000000000000000e+04 3.660100000000000000e+04 3.591900000000000000e+04
3.925500000000000000e+04 2.719800000000000000e+04 3.823700000000000000e+04 3.816800000000000000e+04 3.806800000000000000e+04 3.851000000000000000e+04 3.842000000000000000e+04 3.824400000000000000e+04 3.780600000000000000e+04 3.740900000000000000e+04 3.705000000000000000e+04 3.650500000000000000e+04 3.598900000000000000e+04
3.891000000000000000e+04 3.820900000000000000e+04 2.703800000000000000e+04 3.819200000000000000e+04 3.757000000000000000e+04 3.813200000000000000e+04 3.776900000000000000e+04 3.807200000000000000e+04 3.745100000000000000e+04 3.739900000000000000e+04 3.691000000000000000e+04 3.655500000000000000e+04 3.562300000000000000e+04
3.855400000000000000e+04 3.820300000000000000e+04 3.782600000000000000e+04 2.661600000000000000e+04 3.749800000000000000e+04 3.780100000000000000e+04 3.760000000000000000e+04 3.771900000000000000e+04 3.773300000000000000e+04 3.717300000000000000e+04 3.642500000000000000e+04 3.613000000000000000e+04 3.514200000000000000e+04
3.826200000000000000e+04 3.784600000000000000e+04 3.791000000000000000e+04 3.754900000000000000e+04 2.644500000000000000e+04 3.695800000000000000e+04 3.702400000000000000e+04 3.730800000000000000e+04 3.708900000000000000e+04 3.715200000000000000e+04 3.632400000000000000e+04 3.615800000000000000e+04 3.497900000000000000e+04
3.881600000000000000e+04 3.844200000000000000e+04 3.795900000000000000e+04 3.723100000000000000e+04 3.698900000000000000e+04 2.612300000000000000e+04 3.673300000000000000e+04 3.671500000000000000e+04 3.637500000000000000e+04 3.680700000000000000e+04 3.617300000000000000e+04 3.561500000000000000e+04 3.506000000000000000e+04
3.845300000000000000e+04 3.829900000000000000e+04 3.829600000000000000e+04 3.736600000000000000e+04 3.712800000000000000e+04 3.678700000000000000e+04 2.541200000000000000e+04 3.620700000000000000e+04 3.584500000000000000e+04 3.571300000000000000e+04 3.554000000000000000e+04 3.516700000000000000e+04 3.455400000000000000e+04
3.810400000000000000e+04 3.815600000000000000e+04 3.787900000000000000e+04 3.755800000000000000e+04 3.702500000000000000e+04 3.636700000000000000e+04 3.624300000000000000e+04 2.472300000000000000e+04 3.559800000000000000e+04 3.559800000000000000e+04 3.550700000000000000e+04 3.494900000000000000e+04 3.399400000000000000e+04
3.780100000000000000e+04 3.779700000000000000e+04 3.775600000000000000e+04 3.721100000000000000e+04 3.720600000000000000e+04 3.650400000000000000e+04 3.582700000000000000e+04 3.548500000000000000e+04 2.376800000000000000e+04 3.426500000000000000e+04 3.428100000000000000e+04 3.333400000000000000e+04 3.302200000000000000e+04
3.743200000000000000e+04 3.733500000000000000e+04 3.722000000000000000e+04 3.708400000000000000e+04 3.698300000000000000e+04 3.668600000000000000e+04 3.602200000000000000e+04 3.521500000000000000e+04 3.426200000000000000e+04 2.262500000000000000e+04 3.406300000000000000e+04 3.344000000000000000e+04 3.254900000000000000e+04
3.758200000000000000e+04 3.726800000000000000e+04 3.694600000000000000e+04 3.625800000000000000e+04 3.694600000000000000e+04 3.648200000000000000e+04 3.581400000000000000e+04 3.510700000000000000e+04 3.433900000000000000e+04 3.382500000000000000e+04 2.142500000000000000e+04 3.285600000000000000e+04 3.190400000000000000e+04
3.676200000000000000e+04 3.675000000000000000e+04 3.638800000000000000e+04 3.630100000000000000e+04 3.594800000000000000e+04 3.549200000000000000e+04 3.545200000000000000e+04 3.491700000000000000e+04 3.408200000000000000e+04 3.335900000000000000e+04 3.238300000000000000e+04 1.950000000000000000e+04 3.131500000000000000e+04
3.564500000000000000e+04 3.565100000000000000e+04 3.571800000000000000e+04 3.523800000000000000e+04 3.513200000000000000e+04 3.505100000000000000e+04 3.444600000000000000e+04 3.417200000000000000e+04 3.299700000000000000e+04 3.283400000000000000e+04 3.217600000000000000e+04 3.111800000000000000e+04 1.728600000000000000e+04
