2.619000000000000000e+03 3.892000000000000000e+03 3.962000000000000000e+03 3.976000000000000000e+03 3.918000000000000000e+03 3.846000000000000000e+03 3.968000000000000000e+03 3.913000000000000000e+03 3.891000000000000000e+03 3.727000000000000000e+03 3.812000000000000000e+03 3.543000000000000000e+03 3.547000000000000000e+03
3.838000000000000000e+03 2.706000000000000000e+03 3.804000000000000000e+03 3.872000000000000000e+03 3.727000000000000000e+03 3.895000000000000000e+03 3.822000000000000000e+03 3.872000000000000000e+03 3.695000000000000000e+03 3.754000000000000000e+03 3.683000000000000000e+03 3.593000000000000000e+03 3.552000000000000000e+03
3.876000000000000000e+03 3.828000000000000000e+03 2.645000000000000000e+03 3.794000000000000000e+03 3.767000000000000000e+03 3.845000000000000000e+03 3.783000000000000000e+03 3.825000000000000000e+03 3.791000000000000000e+03 3.779000000000000000e+03 3.755000000000000000e+03 3.691000000000000000e+03 3.567000000000000000e+03
3.808000000000000000e+03 3.837000000000000000e+03 3.808000000000000000e+03 2.672000000000000000e+03 3.849000000000000000e+03 3.736000000000000000e+03 3.644000000000000000e+03 3.697000000000000000e+03 3.744000000000000000e+03 3.677000000000000000e+03 3.660000000000000000e+03 3.584000000000000000e+03 3.525000000000000000e+03
4.013000000000000000e+03 3.817000000000000000e+03 3.794000000000000000e+03 3.724000000000000000e+03 2.665000000000000000e+03 3.698000000000000000e+03 3.742000000000000000e+03 3.840000000000000000e+03 3.675000000000000000e+03 3.694000000000000000e+03 3.705000000000000000e+03 3.585000000000000000e+03 3.501000000000000000e+03
3.885000000000000000e+03 3.828000000000000000e+03 3.680000000000000000e+03 3.755000000000000000e+03 3.755000000000000000e+03 2.480000000000000000e+03 3.741000000000000000e+03 3.627000000000000000e+03 3.723000000000000000e+03 3.695000000000000000e+03 3.581000000000000000e+03 3.472000000000000000e+03 3.502000000000000000e+03
3.937000000000000000e+03 3.768000000000000000e+03 3.871000000000000000e+03 3.847000000000000000e+03 3.820000000000000000e+03 3.690000000000000000e+03 2.511000000000000000e+03 3.558000000000000000e+03 3.642000000000000000e+03 3.655000000000000000e+03 3.535000000000000000e+03 3.550000000000000000e+03 3.421000000000000000e+03
3.978000000000000000e+03 3.806000000000000000e+03 3.814000000000000000e+03 3.765000000000000000e+03 3.662000000000000000e+03 3.768000000000000000e+03 3.602000000000000000e+03 2.491000000000000000e+03 3.570000000000000000e+03 3.557000000000000000e+03 3.555000000000000000e+03 3.459000000000000000e+03 3.470000000000000000e+03
3.833000000000000000e+03 3.916000000000000000e+03 3.720000000000000000e+03 3.623000000000000000e+03 3.664000000000000000e+03 3.633000000000000000e+03 3.647000000000000000e+03 3.350000000000000000e+03 2.328000000000000000e+03 3.557000000000000000e+03 3.454000000000000000e+03 3.356000000000000000e+03 3.219000000000000000e+03
3.727000000000000000e+03 3.726000000000000000e+03 3.708000000000000000e+03 3.635000000000000000e+03 3.624000000000000000e+03 3.718000000000000000e+03 3.570000000000000000e+03 3.559000000000000000e+03 3.473000000000000000e+03 2.247000000000000000e+03 3.275000000000000000e+03 3.251000000000000000e+03 3.246000000000000000e+03
3.754000000000000000e+03 3.693000000000000000e+03 3.763000000000000000e+03 3.653000000000000000e+03 3.654000000000000000e+03 3.670000000000000000e+03 3.596000000000000000e+03 3.429000000000000000e+03 3.469000000000000000e+03 3.368000000000000000e+03 2.116000000000000000e+03 3.179000000000000000e+03 3.226000000000000000e+03
3.578000000000000000e+03 3.672000000000000000e+03 3.650000000000000000e+03 3.613000000000000000e+03 3.556000000000000000e+03 3.557000000000000000e+03 3.511000000000000000e+03 3.484000000000000000e+03 3.391000000000000000e+03 3.341000000000000000e+03 3.299000000000000000e+03 1.887000000000000000e+03 3.145000000000000000e+03
3.585000000000000000e+03 3.525000000000000000e+03 3.585000000000000000e+03 3.509000000000000000e+03 3.518000000000000000e+03 3.479000000000000000e+03 3.457000000000000000e+03 3.342000000000000000e+03 3.232000000000000000e+03 3.272000000000000000e+03 3.198000000000000000e+03 3.212000000000000000e+03 1.680000000000000000e+03
