3.074800000000000000e+04 2.339200000000000000e+04 2.446500000000000000e+04 2.539700000000000000e+04 2.702500000000000000e+04 2.590900000000000000e+04 2.797200000000000000e+04 2.957000000000000000e+04 3.142300000000000000e+04 3.347000000000000000e+04 3.650100000000000000e+04 4.023800000000000000e+04 4.437700000000000000e+04
2.345900000000000000e+04 3.220600000000000000e+04 2.673200000000000000e+04 2.791700000000000000e+04 2.931100000000000000e+04 2.833600000000000000e+04 2.790700000000000000e+04 3.000800000000000000e+04 3.302900000000000000e+04 3.452500000000000000e+04 3.781100000000000000e+04 4.053800000000000000e+04 4.594100000000000000e+04
2.470900000000000000e+04 2.671200000000000000e+04 3.355400000000000000e+04 2.968500000000000000e+04 3.136000000000000000e+04 3.119600000000000000e+04 3.082300000000000000e+04 3.092500000000000000e+04 3.384200000000000000e+04 3.621300000000000000e+04 3.904400000000000000e+04 4.204400000000000000e+04 4.729500000000000000e+04
2.575500000000000000e+04 2.805100000000000000e+04 3.009200000000000000e+04 3.609100000000000000e+04 3.382500000000000000e+04 3.365800000000000000e+04 3.350900000000000000e+04 3.375400000000000000e+04 3.474200000000000000e+04 3.721000000000000000e+04 3.967700000000000000e+04 4.375400000000000000e+04 4.884800000000000000e+04
2.664100000000000000e+04 2.914500000000000000e+04 3.178400000000000000e+04 3.360000000000000000e+04 3.925800000000000000e+04 3.555400000000000000e+04 3.593200000000000000e+04 3.655100000000000000e+04 3.728100000000000000e+04 3.832700000000000000e+04 4.151600000000000000e+04 4.529600000000000000e+04 4.982300000000000000e+04
2.562500000000000000e+04 2.864400000000000000e+04 3.107800000000000000e+04 3.374200000000000000e+04 3.587500000000000000e+04 4.225700000000000000e+04 3.870000000000000000e+04 3.879500000000000000e+04 3.987800000000000000e+04 4.139000000000000000e+04 4.267900000000000000e+04 4.741900000000000000e+04 5.219400000000000000e+04
2.758400000000000000e+04 2.826800000000000000e+04 3.098300000000000000e+04 3.328400000000000000e+04 3.591500000000000000e+04 3.820300000000000000e+04 4.606800000000000000e+04 4.124200000000000000e+04 4.283800000000000000e+04 4.456600000000000000e+04 4.544200000000000000e+04 4.845200000000000000e+04 5.430100000000000000e+04
2.885600000000000000e+04 3.031100000000000000e+04 3.097700000000000000e+04 3.403700000000000000e+04 3.652400000000000000e+04 3.889000000000000000e+04 4.143700000000000000e+04 4.980600000000000000e+04 4.644000000000000000e+04 4.748500000000000000e+04 4.951100000000000000e+04 5.170200000000000000e+04 5.601900000000000000e+04
3.148300000000000000e+04 3.244500000000000000e+04 3.393800000000000000e+04 3.452600000000000000e+04 3.723500000000000000e+04 4.012800000000000000e+04 4.333300000000000000e+04 4.647600000000000000e+04 5.519600000000000000e+04 5.201100000000000000e+04 5.374800000000000000e+04 5.677000000000000000e+04 6.040500000000000000e+04
3.393500000000000000e+04 3.419700000000000000e+04 3.579400000000000000e+04 3.742000000000000000e+04 3.799200000000000000e+04 4.164000000000000000e+04 4.435000000000000000e+04 4.762500000000000000e+04 5.206100000000000000e+04 6.116300000000000000e+04 5.582200000000000000e+04 5.908600000000000000e+04 6.294900000000000000e+04
3.648300000000000000e+04 3.762700000000000000e+04 3.836200000000000000e+04 4.032800000000000000e+04 4.148300000000000000e+04 4.307600000000000000e+04 4.611800000000000000e+04 4.917200000000000000e+04 5.374800000000000000e+04 5.584900000000000000e+04 6.817900000000000000e+04 6.148900000000000000e+04 6.609300000000000000e+04
3.984400000000000000e+04 4.084800000000000000e+04 4.225400000000000000e+04 4.392600000000000000e+04 4.522300000000000000e+04 4.691900000000000000e+04 4.860600000000000000e+04 5.144000000000000000e+04 5.717500000000000000e+04 5.888500000000000000e+04 6.186100000000000000e+04 7.706700000000000000e+04 6.971300000000000000e+04
4.446300000000000000e+04 4.586900000000000000e+04 4.687300000000000000e+04 4.880900000000000000e+04 5.017900000000000000e+04 5.228800000000000000e+04 5.431400000000000000e+04 5.544600000000000000e+04 6.082500000000000000e+04 6.276600000000000000e+04 6.614600000000000000e+04 6.921400000000000000e+04 8.661200000000000000e+04
