3.126000000000000000e+03 2.360000000000000000e+03 2.458000000000000000e+03 2.486000000000000000e+03 2.708000000000000000e+03 2.553000000000000000e+03 2.774000000000000000e+03 2.956000000000000000e+03 3.210000000000000000e+03 3.364000000000000000e+03 3.649000000000000000e+03 4.031000000000000000e+03 4.451000000000000000e+03
2.377000000000000000e+03 3.194000000000000000e+03 2.610000000000000000e+03 2.788000000000000000e+03 2.983000000000000000e+03 2.842000000000000000e+03 2.943000000000000000e+03 2.899000000000000000e+03 3.205000000000000000e+03 3.516000000000000000e+03 3.710000000000000000e+03 4.050000000000000000e+03 4.607000000000000000e+03
2.477000000000000000e+03 2.641000000000000000e+03 3.319000000000000000e+03 2.945000000000000000e+03 3.169000000000000000e+03 3.090000000000000000e+03 3.069000000000000000e+03 3.165000000000000000e+03 3.410000000000000000e+03 3.571000000000000000e+03 3.943000000000000000e+03 4.161000000000000000e+03 4.698000000000000000e+03
2.651000000000000000e+03 2.802000000000000000e+03 3.037000000000000000e+03 3.612000000000000000e+03 3.269000000000000000e+03 3.371000000000000000e+03 3.315000000000000000e+03 3.409000000000000000e+03 3.525000000000000000e+03 3.740000000000000000e+03 3.991000000000000000e+03 4.417000000000000000e+03 4.881000000000000000e+03
2.691000000000000000e+03 2.941000000000000000e+03 3.152000000000000000e+03 3.403000000000000000e+03 3.823000000000000000e+03 3.516000000000000000e+03 3.597000000000000000e+03 3.663000000000000000e+03 3.789000000000000000e+03 3.859000000000000000e+03 4.162000000000000000e+03 4.560000000000000000e+03 5.072000000000000000e+03
2.640000000000000000e+03 2.876000000000000000e+03 3.055000000000000000e+03 3.342000000000000000e+03 3.648000000000000000e+03 4.204000000000000000e+03 3.916000000000000000e+03 4.006000000000000000e+03 4.014000000000000000e+03 4.141000000000000000e+03 4.342000000000000000e+03 4.710000000000000000e+03 5.135000000000000000e+03
2.829000000000000000e+03 2.896000000000000000e+03 2.957000000000000000e+03 3.298000000000000000e+03 3.570000000000000000e+03 3.842000000000000000e+03 4.555000000000000000e+03 4.021000000000000000e+03 4.324000000000000000e+03 4.417000000000000000e+03 4.592000000000000000e+03 4.753000000000000000e+03 5.488000000000000000e+03
2.994000000000000000e+03 3.044000000000000000e+03 3.072000000000000000e+03 3.343000000000000000e+03 3.709000000000000000e+03 3.924000000000000000e+03 4.093000000000000000e+03 5.070000000000000000e+03 4.601000000000000000e+03 4.720000000000000000e+03 5.018000000000000000e+03 5.330000000000000000e+03 5.575000000000000000e+03
3.087000000000000000e+03 3.221000000000000000e+03 3.474000000000000000e+03 3.477000000000000000e+03 3.800000000000000000e+03 4.097000000000000000e+03 4.356000000000000000e+03 4.648000000000000000e+03 5.490000000000000000e+03 5.085000000000000000e+03 5.343000000000000000e+03 5.628000000000000000e+03 6.043000000000000000e+03
3.427000000000000000e+03 3.568000000000000000e+03 3.613000000000000000e+03 3.582000000000000000e+03 3.839000000000000000e+03 4.086000000000000000e+03 4.395000000000000000e+03 4.709000000000000000e+03 5.103000000000000000e+03 6.093000000000000000e+03 5.594000000000000000e+03 5.893000000000000000e+03 6.358000000000000000e+03
3.640000000000000000e+03 3.783000000000000000e+03 3.852000000000000000e+03 4.017000000000000000e+03 4.180000000000000000e+03 4.187000000000000000e+03 4.659000000000000000e+03 4.974000000000000000e+03 5.491000000000000000e+03 5.482000000000000000e+03 6.955000000000000000e+03 6.126000000000000000e+03 6.571000000000000000e+03
4.045000000000000000e+03 4.073000000000000000e+03 4.215000000000000000e+03 4.271000000000000000e+03 4.468000000000000000e+03 4.682000000000000000e+03 4.769000000000000000e+03 5.362000000000000000e+03 5.654000000000000000e+03 5.922000000000000000e+03 6.086000000000000000e+03 7.684000000000000000e+03 6.986000000000000000e+03
4.463000000000000000e+03 4.595000000000000000e+03 4.800000000000000000e+03 4.702000000000000000e+03 5.056000000000000000e+03 5.095000000000000000e+03 5.297000000000000000e+03 5.598000000000000000e+03 6.090000000000000000e+03 6.181000000000000000e+03 6.626000000000000000e+03 7.008000000000000000e+03 8.526000000000000000e+03
