3.293000000000000000e+03 2.211000000000000000e+03 2.328000000000000000e+03 2.552000000000000000e+03 2.590000000000000000e+03 2.487000000000000000e+03 2.679000000000000000e+03 2.851000000000000000e+03 3.138000000000000000e+03 3.383000000000000000e+03 3.583000000000000000e+03 3.811000000000000000e+03 4.379000000000000000e+03
2.209000000000000000e+03 3.437000000000000000e+03 2.572000000000000000e+03 2.824000000000000000e+03 2.935000000000000000e+03 2.690000000000000000e+03 2.756000000000000000e+03 2.980000000000000000e+03 3.209000000000000000e+03 3.395000000000000000e+03 3.615000000000000000e+03 3.848000000000000000e+03 4.498000000000000000e+03
2.471000000000000000e+03 2.623000000000000000e+03 3.610000000000000000e+03 2.908000000000000000e+03 3.189000000000000000e+03 3.011000000000000000e+03 3.056000000000000000e+03 2.995000000000000000e+03 3.325000000000000000e+03 3.474000000000000000e+03 3.886000000000000000e+03 4.142000000000000000e+03 4.732000000000000000e+03
2.509000000000000000e+03 2.764000000000000000e+03 2.920000000000000000e+03 3.794000000000000000e+03 3.409000000000000000e+03 3.308000000000000000e+03 3.303000000000000000e+03 3.418000000000000000e+03 3.459000000000000000e+03 3.653000000000000000e+03 3.898000000000000000e+03 4.381000000000000000e+03 4.760000000000000000e+03
2.548000000000000000e+03 2.822000000000000000e+03 3.097000000000000000e+03 3.383000000000000000e+03 4.138000000000000000e+03 3.618000000000000000e+03 3.590000000000000000e+03 3.687000000000000000e+03 3.766000000000000000e+03 3.804000000000000000e+03 4.057000000000000000e+03 4.424000000000000000e+03 4.950000000000000000e+03
2.496000000000000000e+03 2.788000000000000000e+03 3.029000000000000000e+03 3.344000000000000000e+03 3.547000000000000000e+03 4.592000000000000000e+03 3.914000000000000000e+03 3.994000000000000000e+03 4.081000000000000000e+03 4.227000000000000000e+03 4.232000000000000000e+03 4.669000000000000000e+03 5.141000000000000000e+03
2.644000000000000000e+03 2.761000000000000000e+03 3.033000000000000000e+03 3.257000000000000000e+03 3.623000000000000000e+03 3.851000000000000000e+03 4.895000000000000000e+03 4.192000000000000000e+03 4.310000000000000000e+03 4.355000000000000000e+03 4.659000000000000000e+03 4.949000000000000000e+03 5.375000000000000000e+03
2.857000000000000000e+03 2.917000000000000000e+03 2.933000000000000000e+03 3.300000000000000000e+03 3.618000000000000000e+03 3.804000000000000000e+03 4.146000000000000000e+03 5.213000000000000000e+03 4.775000000000000000e+03 4.876000000000000000e+03 5.081000000000000000e+03 5.202000000000000000e+03 5.493000000000000000e+03
3.081000000000000000e+03 3.182000000000000000e+03 3.406000000000000000e+03 3.236000000000000000e+03 3.649000000000000000e+03 4.117000000000000000e+03 4.489000000000000000e+03 4.725000000000000000e+03 5.889000000000000000e+03 5.255000000000000000e+03 5.569000000000000000e+03 5.686000000000000000e+03 6.041000000000000000e+03
3.248000000000000000e+03 3.395000000000000000e+03 3.498000000000000000e+03 3.628000000000000000e+03 3.758000000000000000e+03 4.048000000000000000e+03 4.561000000000000000e+03 4.841000000000000000e+03 5.218000000000000000e+03 6.514000000000000000e+03 5.646000000000000000e+03 6.164000000000000000e+03 6.167000000000000000e+03
3.541000000000000000e+03 3.635000000000000000e+03 3.782000000000000000e+03 3.968000000000000000e+03 4.120000000000000000e+03 4.141000000000000000e+03 4.575000000000000000e+03 5.110000000000000000e+03 5.470000000000000000e+03 5.627000000000000000e+03 7.238000000000000000e+03 6.302000000000000000e+03 6.778000000000000000e+03
3.717000000000000000e+03 4.065000000000000000e+03 4.216000000000000000e+03 4.399000000000000000e+03 4.379000000000000000e+03 4.617000000000000000e+03 4.779000000000000000e+03 5.038000000000000000e+03 5.667000000000000000e+03 5.988000000000000000e+03 6.234000000000000000e+03 8.132000000000000000e+03 7.124000000000000000e+03
4.276000000000000000e+03 4.484000000000000000e+03 4.549000000000000000e+03 4.880000000000000000e+03 4.856000000000000000e+03 5.061000000000000000e+03 5.421000000000000000e+03 5.643000000000000000e+03 6.244000000000000000e+03 6.388000000000000000e+03 6.792000000000000000e+03 7.251000000000000000e+03 9.194000000000000000e+03
