4.368000000000000000e+03 3.118000000000000000e+03 3.332000000000000000e+03 3.494000000000000000e+03 3.814000000000000000e+03 3.560000000000000000e+03 3.890000000000000000e+03 4.004000000000000000e+03 4.365000000000000000e+03 4.472000000000000000e+03 5.023000000000000000e+03 5.580000000000000000e+03 6.226000000000000000e+03
3.141000000000000000e+03 4.522000000000000000e+03 3.683000000000000000e+03 3.864000000000000000e+03 4.145000000000000000e+03 3.915000000000000000e+03 3.788000000000000000e+03 4.050000000000000000e+03 4.610000000000000000e+03 4.847000000000000000e+03 5.193000000000000000e+03 5.705000000000000000e+03 6.475000000000000000e+03
3.344000000000000000e+03 3.744000000000000000e+03 4.609000000000000000e+03 4.131000000000000000e+03 4.466000000000000000e+03 4.232000000000000000e+03 4.212000000000000000e+03 4.242000000000000000e+03 4.668000000000000000e+03 5.044000000000000000e+03 5.477000000000000000e+03 5.937000000000000000e+03 6.729000000000000000e+03
3.500000000000000000e+03 3.904000000000000000e+03 4.148000000000000000e+03 4.823000000000000000e+03 4.795000000000000000e+03 4.613000000000000000e+03 4.704000000000000000e+03 4.694000000000000000e+03 4.801000000000000000e+03 5.137000000000000000e+03 5.508000000000000000e+03 6.280000000000000000e+03 7.068000000000000000e+03
3.636000000000000000e+03 4.007000000000000000e+03 4.461000000000000000e+03 4.881000000000000000e+03 5.343000000000000000e+03 5.055000000000000000e+03 5.090000000000000000e+03 5.099000000000000000e+03 5.315000000000000000e+03 5.338000000000000000e+03 5.830000000000000000e+03 6.424000000000000000e+03 7.125000000000000000e+03
3.422000000000000000e+03 3.871000000000000000e+03 4.396000000000000000e+03 4.881000000000000000e+03 4.945000000000000000e+03 6.052000000000000000e+03 5.461000000000000000e+03 5.507000000000000000e+03 5.724000000000000000e+03 5.751000000000000000e+03 5.972000000000000000e+03 6.762000000000000000e+03 7.541000000000000000e+03
3.788000000000000000e+03 3.775000000000000000e+03 4.269000000000000000e+03 4.661000000000000000e+03 5.058000000000000000e+03 5.423000000000000000e+03 6.587000000000000000e+03 5.972000000000000000e+03 6.226000000000000000e+03 6.359000000000000000e+03 6.560000000000000000e+03 6.805000000000000000e+03 8.030000000000000000e+03
3.980000000000000000e+03 4.177000000000000000e+03 4.143000000000000000e+03 4.620000000000000000e+03 4.961000000000000000e+03 5.546000000000000000e+03 6.007000000000000000e+03 7.092000000000000000e+03 6.667000000000000000e+03 6.919000000000000000e+03 7.378000000000000000e+03 7.338000000000000000e+03 8.063000000000000000e+03
4.230000000000000000e+03 4.588000000000000000e+03 4.618000000000000000e+03 4.670000000000000000e+03 5.172000000000000000e+03 5.794000000000000000e+03 6.141000000000000000e+03 6.709000000000000000e+03 8.147000000000000000e+03 7.722000000000000000e+03 8.031000000000000000e+03 8.358000000000000000e+03 9.001000000000000000e+03
4.659000000000000000e+03 4.646000000000000000e+03 5.112000000000000000e+03 5.214000000000000000e+03 5.294000000000000000e+03 6.007000000000000000e+03 6.434000000000000000e+03 6.946000000000000000e+03 7.556000000000000000e+03 9.159000000000000000e+03 8.317000000000000000e+03 8.857000000000000000e+03 9.346000000000000000e+03
4.919000000000000000e+03 5.293000000000000000e+03 5.420000000000000000e+03 5.669000000000000000e+03 5.897000000000000000e+03 6.104000000000000000e+03 6.583000000000000000e+03 7.079000000000000000e+03 7.990000000000000000e+03 8.292000000000000000e+03 1.036200000000000000e+04 9.384000000000000000e+03 1.003800000000000000e+04
5.512000000000000000e+03 5.685000000000000000e+03 5.874000000000000000e+03 6.116000000000000000e+03 6.372000000000000000e+03 6.618000000000000000e+03 6.976000000000000000e+03 7.463000000000000000e+03 8.229000000000000000e+03 8.769000000000000000e+03 9.504000000000000000e+03 1.232200000000000000e+04 1.059600000000000000e+04
6.118000000000000000e+03 6.529000000000000000e+03 6.536000000000000000e+03 6.949000000000000000e+03 7.063000000000000000e+03 7.483000000000000000e+03 7.899000000000000000e+03 8.039000000000000000e+03 9.082000000000000000e+03 9.381000000000000000e+03 9.986000000000000000e+03 1.078200000000000000e+04 1.407200000000000000e+04
