4.096000000000000000e+03 3.184000000000000000e+03 3.326000000000000000e+03 3.554000000000000000e+03 3.653000000000000000e+03 3.622000000000000000e+03 3.793000000000000000e+03 4.128000000000000000e+03 4.305000000000000000e+03 4.745000000000000000e+03 5.063000000000000000e+03 5.749000000000000000e+03 6.234000000000000000e+03
3.244000000000000000e+03 4.504000000000000000e+03 3.634000000000000000e+03 3.860000000000000000e+03 3.950000000000000000e+03 4.096000000000000000e+03 3.885000000000000000e+03 4.224000000000000000e+03 4.531000000000000000e+03 4.953000000000000000e+03 5.469000000000000000e+03 5.844000000000000000e+03 6.574000000000000000e+03
3.330000000000000000e+03 3.671000000000000000e+03 4.487000000000000000e+03 4.256000000000000000e+03 4.408000000000000000e+03 4.373000000000000000e+03 4.230000000000000000e+03 4.355000000000000000e+03 4.834000000000000000e+03 5.162000000000000000e+03 5.398000000000000000e+03 5.946000000000000000e+03 6.632000000000000000e+03
3.555000000000000000e+03 3.845000000000000000e+03 4.321000000000000000e+03 4.939000000000000000e+03 4.817000000000000000e+03 4.859000000000000000e+03 4.719000000000000000e+03 4.716000000000000000e+03 4.866000000000000000e+03 5.207000000000000000e+03 5.596000000000000000e+03 5.955000000000000000e+03 6.892000000000000000e+03
3.699000000000000000e+03 4.133000000000000000e+03 4.543000000000000000e+03 4.671000000000000000e+03 5.583000000000000000e+03 5.056000000000000000e+03 5.240000000000000000e+03 5.058000000000000000e+03 5.157000000000000000e+03 5.498000000000000000e+03 5.905000000000000000e+03 6.383000000000000000e+03 7.101000000000000000e+03
3.482000000000000000e+03 3.976000000000000000e+03 4.370000000000000000e+03 4.716000000000000000e+03 5.100000000000000000e+03 5.991000000000000000e+03 5.511000000000000000e+03 5.649000000000000000e+03 5.713000000000000000e+03 5.954000000000000000e+03 6.092000000000000000e+03 6.684000000000000000e+03 7.508000000000000000e+03
3.761000000000000000e+03 4.044000000000000000e+03 4.380000000000000000e+03 4.688000000000000000e+03 5.112000000000000000e+03 5.364000000000000000e+03 6.712000000000000000e+03 5.968000000000000000e+03 6.149000000000000000e+03 6.436000000000000000e+03 6.418000000000000000e+03 7.086000000000000000e+03 7.880000000000000000e+03
3.993000000000000000e+03 4.185000000000000000e+03 4.385000000000000000e+03 4.954000000000000000e+03 5.238000000000000000e+03 5.659000000000000000e+03 5.902000000000000000e+03 7.385000000000000000e+03 6.763000000000000000e+03 6.812000000000000000e+03 7.137000000000000000e+03 7.488000000000000000e+03 8.088000000000000000e+03
4.268000000000000000e+03 4.454000000000000000e+03 4.812000000000000000e+03 4.897000000000000000e+03 5.285000000000000000e+03 5.779000000000000000e+03 6.237000000000000000e+03 6.960000000000000000e+03 8.373000000000000000e+03 7.572000000000000000e+03 7.671000000000000000e+03 8.330000000000000000e+03 8.550000000000000000e+03
4.659000000000000000e+03 4.816000000000000000e+03 4.774000000000000000e+03 5.286000000000000000e+03 5.441000000000000000e+03 5.928000000000000000e+03 6.281000000000000000e+03 7.054000000000000000e+03 7.596000000000000000e+03 9.308000000000000000e+03 8.282000000000000000e+03 8.646000000000000000e+03 9.046000000000000000e+03
4.988000000000000000e+03 5.292000000000000000e+03 5.371000000000000000e+03 5.660000000000000000e+03 5.688000000000000000e+03 5.988000000000000000e+03 6.638000000000000000e+03 7.155000000000000000e+03 7.889000000000000000e+03 8.104000000000000000e+03 1.038900000000000000e+04 8.997000000000000000e+03 9.771000000000000000e+03
5.522000000000000000e+03 5.910000000000000000e+03 6.116000000000000000e+03 6.282000000000000000e+03 6.539000000000000000e+03 6.733000000000000000e+03 6.866000000000000000e+03 7.502000000000000000e+03 8.532000000000000000e+03 8.736000000000000000e+03 9.144000000000000000e+03 1.165800000000000000e+04 1.026200000000000000e+04
6.282000000000000000e+03 6.466000000000000000e+03 6.599000000000000000e+03 7.000000000000000000e+03 7.104000000000000000e+03 7.515000000000000000e+03 7.901000000000000000e+03 8.066000000000000000e+03 8.890000000000000000e+03 9.110000000000000000e+03 9.728000000000000000e+03 1.004800000000000000e+04 1.290500000000000000e+04
