5.470000000000000000e+02 2.920000000000000000e+02 2.960000000000000000e+02 3.880000000000000000e+02 3.560000000000000000e+02 3.280000000000000000e+02 3.450000000000000000e+02 3.840000000000000000e+02 4.240000000000000000e+02 4.780000000000000000e+02 5.210000000000000000e+02 5.490000000000000000e+02 5.690000000000000000e+02
3.230000000000000000e+02 5.450000000000000000e+02 3.540000000000000000e+02 3.710000000000000000e+02 4.180000000000000000e+02 3.910000000000000000e+02 3.520000000000000000e+02 4.170000000000000000e+02 4.160000000000000000e+02 4.530000000000000000e+02 4.560000000000000000e+02 5.070000000000000000e+02 6.300000000000000000e+02
3.370000000000000000e+02 3.610000000000000000e+02 5.440000000000000000e+02 4.090000000000000000e+02 4.590000000000000000e+02 4.090000000000000000e+02 4.000000000000000000e+02 4.110000000000000000e+02 4.180000000000000000e+02 4.980000000000000000e+02 5.490000000000000000e+02 5.370000000000000000e+02 6.660000000000000000e+02
3.680000000000000000e+02 3.930000000000000000e+02 4.110000000000000000e+02 5.400000000000000000e+02 4.920000000000000000e+02 4.780000000000000000e+02 4.570000000000000000e+02 4.800000000000000000e+02 4.690000000000000000e+02 4.800000000000000000e+02 5.150000000000000000e+02 6.020000000000000000e+02 6.610000000000000000e+02
3.470000000000000000e+02 3.980000000000000000e+02 4.520000000000000000e+02 4.810000000000000000e+02 6.150000000000000000e+02 5.080000000000000000e+02 5.190000000000000000e+02 5.140000000000000000e+02 4.980000000000000000e+02 5.120000000000000000e+02 5.560000000000000000e+02 5.740000000000000000e+02 6.690000000000000000e+02
3.120000000000000000e+02 3.710000000000000000e+02 4.080000000000000000e+02 5.000000000000000000e+02 5.120000000000000000e+02 6.420000000000000000e+02 5.490000000000000000e+02 6.000000000000000000e+02 6.080000000000000000e+02 5.900000000000000000e+02 5.700000000000000000e+02 6.390000000000000000e+02 7.500000000000000000e+02
3.500000000000000000e+02 3.670000000000000000e+02 4.410000000000000000e+02 4.460000000000000000e+02 4.990000000000000000e+02 5.730000000000000000e+02 7.040000000000000000e+02 6.200000000000000000e+02 6.460000000000000000e+02 6.610000000000000000e+02 6.510000000000000000e+02 6.890000000000000000e+02 7.390000000000000000e+02
3.500000000000000000e+02 3.890000000000000000e+02 4.020000000000000000e+02 4.380000000000000000e+02 5.180000000000000000e+02 5.510000000000000000e+02 5.950000000000000000e+02 7.530000000000000000e+02 7.110000000000000000e+02 7.180000000000000000e+02 7.410000000000000000e+02 7.640000000000000000e+02 7.790000000000000000e+02
3.970000000000000000e+02 4.430000000000000000e+02 4.540000000000000000e+02 4.210000000000000000e+02 4.820000000000000000e+02 5.830000000000000000e+02 6.360000000000000000e+02 6.660000000000000000e+02 8.520000000000000000e+02 8.030000000000000000e+02 8.630000000000000000e+02 8.620000000000000000e+02 8.970000000000000000e+02
4.250000000000000000e+02 4.520000000000000000e+02 4.680000000000000000e+02 5.060000000000000000e+02 4.690000000000000000e+02 5.670000000000000000e+02 6.150000000000000000e+02 7.080000000000000000e+02 8.390000000000000000e+02 9.640000000000000000e+02 8.450000000000000000e+02 9.250000000000000000e+02 9.190000000000000000e+02
4.800000000000000000e+02 4.790000000000000000e+02 5.320000000000000000e+02 5.460000000000000000e+02 5.080000000000000000e+02 5.720000000000000000e+02 6.300000000000000000e+02 7.670000000000000000e+02 8.200000000000000000e+02 9.100000000000000000e+02 1.161000000000000000e+03 9.600000000000000000e+02 1.076000000000000000e+03
4.910000000000000000e+02 5.180000000000000000e+02 5.470000000000000000e+02 5.820000000000000000e+02 6.310000000000000000e+02 6.120000000000000000e+02 6.870000000000000000e+02 7.290000000000000000e+02 8.370000000000000000e+02 9.290000000000000000e+02 9.470000000000000000e+02 1.275000000000000000e+03 1.127000000000000000e+03
6.070000000000000000e+02 6.390000000000000000e+02 6.100000000000000000e+02 6.760000000000000000e+02 6.980000000000000000e+02 6.970000000000000000e+02 8.290000000000000000e+02 7.870000000000000000e+02 9.710000000000000000e+02 9.990000000000000000e+02 1.060000000000000000e+03 1.146000000000000000e+03 1.624000000000000000e+03
