4.720000000000000000e+02 3.040000000000000000e+02 3.240000000000000000e+02 3.690000000000000000e+02 3.570000000000000000e+02 3.380000000000000000e+02 3.350000000000000000e+02 3.340000000000000000e+02 4.290000000000000000e+02 4.610000000000000000e+02 4.530000000000000000e+02 4.890000000000000000e+02 6.570000000000000000e+02
2.710000000000000000e+02 4.720000000000000000e+02 3.530000000000000000e+02 4.040000000000000000e+02 3.910000000000000000e+02 3.770000000000000000e+02 3.520000000000000000e+02 4.130000000000000000e+02 4.720000000000000000e+02 4.810000000000000000e+02 4.970000000000000000e+02 5.440000000000000000e+02 6.590000000000000000e+02
3.340000000000000000e+02 3.930000000000000000e+02 5.490000000000000000e+02 4.300000000000000000e+02 4.510000000000000000e+02 4.240000000000000000e+02 4.120000000000000000e+02 4.200000000000000000e+02 4.690000000000000000e+02 5.010000000000000000e+02 5.440000000000000000e+02 5.880000000000000000e+02 6.740000000000000000e+02
3.250000000000000000e+02 3.970000000000000000e+02 3.810000000000000000e+02 4.820000000000000000e+02 4.690000000000000000e+02 4.880000000000000000e+02 4.750000000000000000e+02 4.290000000000000000e+02 4.880000000000000000e+02 5.310000000000000000e+02 5.440000000000000000e+02 6.280000000000000000e+02 6.690000000000000000e+02
3.320000000000000000e+02 3.750000000000000000e+02 4.130000000000000000e+02 4.900000000000000000e+02 5.790000000000000000e+02 5.370000000000000000e+02 5.180000000000000000e+02 5.520000000000000000e+02 4.980000000000000000e+02 5.170000000000000000e+02 5.680000000000000000e+02 6.360000000000000000e+02 6.770000000000000000e+02
3.210000000000000000e+02 3.840000000000000000e+02 4.240000000000000000e+02 4.400000000000000000e+02 4.990000000000000000e+02 6.840000000000000000e+02 5.620000000000000000e+02 5.580000000000000000e+02 5.490000000000000000e+02 5.880000000000000000e+02 5.790000000000000000e+02 6.820000000000000000e+02 7.770000000000000000e+02
3.460000000000000000e+02 3.710000000000000000e+02 4.140000000000000000e+02 4.730000000000000000e+02 5.370000000000000000e+02 5.300000000000000000e+02 7.190000000000000000e+02 6.170000000000000000e+02 6.360000000000000000e+02 6.200000000000000000e+02 6.910000000000000000e+02 6.910000000000000000e+02 7.980000000000000000e+02
3.620000000000000000e+02 4.000000000000000000e+02 4.030000000000000000e+02 4.330000000000000000e+02 4.870000000000000000e+02 5.540000000000000000e+02 6.040000000000000000e+02 7.410000000000000000e+02 7.280000000000000000e+02 7.100000000000000000e+02 7.580000000000000000e+02 7.400000000000000000e+02 8.070000000000000000e+02
3.970000000000000000e+02 4.160000000000000000e+02 4.850000000000000000e+02 4.450000000000000000e+02 5.120000000000000000e+02 5.860000000000000000e+02 6.670000000000000000e+02 6.990000000000000000e+02 9.030000000000000000e+02 8.020000000000000000e+02 8.780000000000000000e+02 8.810000000000000000e+02 8.880000000000000000e+02
4.490000000000000000e+02 4.450000000000000000e+02 5.230000000000000000e+02 5.090000000000000000e+02 5.290000000000000000e+02 5.360000000000000000e+02 6.900000000000000000e+02 7.360000000000000000e+02 7.870000000000000000e+02 1.038000000000000000e+03 8.530000000000000000e+02 9.190000000000000000e+02 9.080000000000000000e+02
4.860000000000000000e+02 4.970000000000000000e+02 4.950000000000000000e+02 6.080000000000000000e+02 5.770000000000000000e+02 6.070000000000000000e+02 6.730000000000000000e+02 6.960000000000000000e+02 8.000000000000000000e+02 8.610000000000000000e+02 1.164000000000000000e+03 9.450000000000000000e+02 1.000000000000000000e+03
5.190000000000000000e+02 5.320000000000000000e+02 5.690000000000000000e+02 6.430000000000000000e+02 5.810000000000000000e+02 6.470000000000000000e+02 6.630000000000000000e+02 7.080000000000000000e+02 8.460000000000000000e+02 8.640000000000000000e+02 9.410000000000000000e+02 1.289000000000000000e+03 1.056000000000000000e+03
5.710000000000000000e+02 6.270000000000000000e+02 6.660000000000000000e+02 6.830000000000000000e+02 6.400000000000000000e+02 7.140000000000000000e+02 7.420000000000000000e+02 8.010000000000000000e+02 9.160000000000000000e+02 9.320000000000000000e+02 9.900000000000000000e+02 1.101000000000000000e+03 1.457000000000000000e+03
