4.750000000000000000e+03 3.233000000000000000e+03 3.428000000000000000e+03 3.549000000000000000e+03 3.679000000000000000e+03 3.450000000000000000e+03 3.687000000000000000e+03 3.937000000000000000e+03 4.281000000000000000e+03 4.556000000000000000e+03 4.999000000000000000e+03 5.602000000000000000e+03 6.298000000000000000e+03
3.215000000000000000e+03 4.629000000000000000e+03 3.711000000000000000e+03 3.894000000000000000e+03 4.170000000000000000e+03 3.936000000000000000e+03 3.811000000000000000e+03 3.887000000000000000e+03 4.503000000000000000e+03 4.652000000000000000e+03 5.037000000000000000e+03 5.517000000000000000e+03 6.564000000000000000e+03
3.464000000000000000e+03 3.780000000000000000e+03 4.864000000000000000e+03 4.260000000000000000e+03 4.554000000000000000e+03 4.295000000000000000e+03 4.231000000000000000e+03 4.009000000000000000e+03 4.527000000000000000e+03 4.937000000000000000e+03 5.339000000000000000e+03 5.630000000000000000e+03 6.769000000000000000e+03
3.529000000000000000e+03 4.062000000000000000e+03 4.260000000000000000e+03 5.089000000000000000e+03 4.741000000000000000e+03 4.773000000000000000e+03 4.672000000000000000e+03 4.544000000000000000e+03 4.739000000000000000e+03 5.032000000000000000e+03 5.372000000000000000e+03 6.045000000000000000e+03 6.929000000000000000e+03
3.636000000000000000e+03 4.099000000000000000e+03 4.591000000000000000e+03 4.955000000000000000e+03 5.450000000000000000e+03 4.945000000000000000e+03 5.080000000000000000e+03 5.145000000000000000e+03 5.280000000000000000e+03 5.210000000000000000e+03 5.729000000000000000e+03 6.437000000000000000e+03 7.037000000000000000e+03
3.432000000000000000e+03 3.968000000000000000e+03 4.388000000000000000e+03 4.797000000000000000e+03 5.129000000000000000e+03 5.704000000000000000e+03 5.683000000000000000e+03 5.418000000000000000e+03 5.647000000000000000e+03 5.777000000000000000e+03 5.851000000000000000e+03 6.860000000000000000e+03 7.387000000000000000e+03
3.683000000000000000e+03 3.726000000000000000e+03 4.185000000000000000e+03 4.630000000000000000e+03 5.130000000000000000e+03 5.356000000000000000e+03 6.497000000000000000e+03 5.874000000000000000e+03 6.102000000000000000e+03 6.303000000000000000e+03 6.409000000000000000e+03 6.829000000000000000e+03 7.815000000000000000e+03
3.923000000000000000e+03 3.997000000000000000e+03 4.172000000000000000e+03 4.667000000000000000e+03 5.215000000000000000e+03 5.513000000000000000e+03 5.848000000000000000e+03 7.176000000000000000e+03 6.882000000000000000e+03 6.867000000000000000e+03 7.173000000000000000e+03 7.696000000000000000e+03 8.144000000000000000e+03
4.349000000000000000e+03 4.441000000000000000e+03 4.650000000000000000e+03 4.856000000000000000e+03 5.140000000000000000e+03 5.649000000000000000e+03 6.184000000000000000e+03 6.754000000000000000e+03 8.037000000000000000e+03 7.656000000000000000e+03 8.059000000000000000e+03 8.558000000000000000e+03 9.041000000000000000e+03
4.681000000000000000e+03 4.667000000000000000e+03 4.905000000000000000e+03 5.181000000000000000e+03 5.172000000000000000e+03 5.868000000000000000e+03 6.339000000000000000e+03 6.786000000000000000e+03 7.711000000000000000e+03 9.105000000000000000e+03 8.345000000000000000e+03 8.793000000000000000e+03 9.637000000000000000e+03
5.029000000000000000e+03 5.140000000000000000e+03 5.296000000000000000e+03 5.519000000000000000e+03 5.664000000000000000e+03 6.061000000000000000e+03 6.517000000000000000e+03 7.109000000000000000e+03 8.011000000000000000e+03 8.471000000000000000e+03 1.069600000000000000e+04 9.395000000000000000e+03 1.012400000000000000e+04
5.572000000000000000e+03 5.536000000000000000e+03 5.738000000000000000e+03 6.016000000000000000e+03 6.296000000000000000e+03 6.483000000000000000e+03 6.823000000000000000e+03 7.340000000000000000e+03 8.506000000000000000e+03 8.916000000000000000e+03 9.426000000000000000e+03 1.257800000000000000e+04 1.107800000000000000e+04
6.359000000000000000e+03 6.459000000000000000e+03 6.614000000000000000e+03 6.902000000000000000e+03 6.951000000000000000e+03 7.427000000000000000e+03 7.885000000000000000e+03 8.078000000000000000e+03 9.072000000000000000e+03 9.517000000000000000e+03 1.032300000000000000e+04 1.092500000000000000e+04 1.471600000000000000e+04
