4.462000000000000000e+03 3.917000000000000000e+03 3.898000000000000000e+03 3.994000000000000000e+03 4.309000000000000000e+03 4.299000000000000000e+03 4.602000000000000000e+03 4.836000000000000000e+03 5.127000000000000000e+03 5.422000000000000000e+03 5.754000000000000000e+03 6.237000000000000000e+03 6.668000000000000000e+03
3.821000000000000000e+03 4.767000000000000000e+03 4.173000000000000000e+03 4.322000000000000000e+03 4.407000000000000000e+03 4.394000000000000000e+03 4.577000000000000000e+03 4.907000000000000000e+03 5.363000000000000000e+03 5.431000000000000000e+03 5.934000000000000000e+03 6.235000000000000000e+03 6.703000000000000000e+03
3.940000000000000000e+03 4.104000000000000000e+03 5.069000000000000000e+03 4.390000000000000000e+03 4.633000000000000000e+03 4.829000000000000000e+03 4.832000000000000000e+03 5.005000000000000000e+03 5.415000000000000000e+03 5.633000000000000000e+03 6.132000000000000000e+03 6.428000000000000000e+03 6.868000000000000000e+03
4.087000000000000000e+03 4.237000000000000000e+03 4.470000000000000000e+03 5.564000000000000000e+03 4.796000000000000000e+03 5.008000000000000000e+03 5.031000000000000000e+03 5.256000000000000000e+03 5.480000000000000000e+03 5.812000000000000000e+03 6.062000000000000000e+03 6.570000000000000000e+03 7.139000000000000000e+03
4.197000000000000000e+03 4.407000000000000000e+03 4.488000000000000000e+03 4.697000000000000000e+03 5.735000000000000000e+03 5.047000000000000000e+03 5.250000000000000000e+03 5.493000000000000000e+03 5.690000000000000000e+03 6.025000000000000000e+03 6.240000000000000000e+03 6.702000000000000000e+03 7.031000000000000000e+03
4.205000000000000000e+03 4.516000000000000000e+03 4.667000000000000000e+03 4.866000000000000000e+03 5.126000000000000000e+03 5.976000000000000000e+03 5.473000000000000000e+03 5.622000000000000000e+03 5.834000000000000000e+03 6.120000000000000000e+03 6.392000000000000000e+03 6.805000000000000000e+03 7.387000000000000000e+03
4.470000000000000000e+03 4.724000000000000000e+03 4.949000000000000000e+03 4.946000000000000000e+03 5.261000000000000000e+03 5.380000000000000000e+03 6.251000000000000000e+03 5.754000000000000000e+03 5.987000000000000000e+03 6.252000000000000000e+03 6.752000000000000000e+03 6.933000000000000000e+03 7.291000000000000000e+03
4.748000000000000000e+03 4.979000000000000000e+03 5.176000000000000000e+03 5.310000000000000000e+03 5.484000000000000000e+03 5.631000000000000000e+03 5.867000000000000000e+03 6.467000000000000000e+03 6.303000000000000000e+03 6.497000000000000000e+03 6.843000000000000000e+03 7.001000000000000000e+03 7.529000000000000000e+03
5.182000000000000000e+03 5.168000000000000000e+03 5.410000000000000000e+03 5.360000000000000000e+03 5.728000000000000000e+03 5.855000000000000000e+03 6.153000000000000000e+03 6.095000000000000000e+03 6.766000000000000000e+03 6.657000000000000000e+03 7.231000000000000000e+03 7.260000000000000000e+03 7.704000000000000000e+03
5.421000000000000000e+03 5.429000000000000000e+03 5.691000000000000000e+03 5.814000000000000000e+03 5.857000000000000000e+03 6.161000000000000000e+03 6.299000000000000000e+03 6.494000000000000000e+03 6.945000000000000000e+03 7.025000000000000000e+03 7.118000000000000000e+03 7.471000000000000000e+03 7.926000000000000000e+03
5.790000000000000000e+03 5.924000000000000000e+03 5.938000000000000000e+03 6.159000000000000000e+03 6.318000000000000000e+03 6.422000000000000000e+03 6.615000000000000000e+03 6.747000000000000000e+03 6.875000000000000000e+03 7.091000000000000000e+03 7.306000000000000000e+03 7.487000000000000000e+03 8.055000000000000000e+03
6.132000000000000000e+03 6.198000000000000000e+03 6.571000000000000000e+03 6.667000000000000000e+03 6.542000000000000000e+03 6.814000000000000000e+03 6.946000000000000000e+03 7.101000000000000000e+03 7.398000000000000000e+03 7.296000000000000000e+03 7.525000000000000000e+03 7.570000000000000000e+03 8.195000000000000000e+03
6.599000000000000000e+03 6.756000000000000000e+03 6.913000000000000000e+03 7.043000000000000000e+03 7.386000000000000000e+03 7.333000000000000000e+03 7.345000000000000000e+03 7.483000000000000000e+03 7.595000000000000000e+03 7.796000000000000000e+03 7.874000000000000000e+03 8.055000000000000000e+03 7.795000000000000000e+03
