3.840000000000000000e+02 3.200000000000000000e+02 3.440000000000000000e+02 3.680000000000000000e+02 3.720000000000000000e+02 3.630000000000000000e+02 3.910000000000000000e+02 4.330000000000000000e+02 4.790000000000000000e+02 4.750000000000000000e+02 5.120000000000000000e+02 5.720000000000000000e+02 6.820000000000000000e+02
3.410000000000000000e+02 4.290000000000000000e+02 3.450000000000000000e+02 3.870000000000000000e+02 4.150000000000000000e+02 4.170000000000000000e+02 4.340000000000000000e+02 4.350000000000000000e+02 4.810000000000000000e+02 4.980000000000000000e+02 5.240000000000000000e+02 5.650000000000000000e+02 6.830000000000000000e+02
3.430000000000000000e+02 3.810000000000000000e+02 4.710000000000000000e+02 3.970000000000000000e+02 4.520000000000000000e+02 4.100000000000000000e+02 4.400000000000000000e+02 4.540000000000000000e+02 5.470000000000000000e+02 5.450000000000000000e+02 5.080000000000000000e+02 6.480000000000000000e+02 6.530000000000000000e+02
4.180000000000000000e+02 3.590000000000000000e+02 4.570000000000000000e+02 5.140000000000000000e+02 4.350000000000000000e+02 4.510000000000000000e+02 4.840000000000000000e+02 4.750000000000000000e+02 5.170000000000000000e+02 5.320000000000000000e+02 6.190000000000000000e+02 6.380000000000000000e+02 7.060000000000000000e+02
3.770000000000000000e+02 3.910000000000000000e+02 4.120000000000000000e+02 4.740000000000000000e+02 5.670000000000000000e+02 5.130000000000000000e+02 4.850000000000000000e+02 5.580000000000000000e+02 5.260000000000000000e+02 5.330000000000000000e+02 5.900000000000000000e+02 6.370000000000000000e+02 6.940000000000000000e+02
3.920000000000000000e+02 4.440000000000000000e+02 4.370000000000000000e+02 4.980000000000000000e+02 5.480000000000000000e+02 6.000000000000000000e+02 5.900000000000000000e+02 5.530000000000000000e+02 5.990000000000000000e+02 6.040000000000000000e+02 6.680000000000000000e+02 6.440000000000000000e+02 7.110000000000000000e+02
4.090000000000000000e+02 4.010000000000000000e+02 4.120000000000000000e+02 4.560000000000000000e+02 5.080000000000000000e+02 5.650000000000000000e+02 6.800000000000000000e+02 5.800000000000000000e+02 6.160000000000000000e+02 6.440000000000000000e+02 6.370000000000000000e+02 6.750000000000000000e+02 7.640000000000000000e+02
4.330000000000000000e+02 4.540000000000000000e+02 4.120000000000000000e+02 4.540000000000000000e+02 5.590000000000000000e+02 5.630000000000000000e+02 5.820000000000000000e+02 7.310000000000000000e+02 6.830000000000000000e+02 6.930000000000000000e+02 6.980000000000000000e+02 7.650000000000000000e+02 8.260000000000000000e+02
4.700000000000000000e+02 4.920000000000000000e+02 4.920000000000000000e+02 4.760000000000000000e+02 5.700000000000000000e+02 6.170000000000000000e+02 6.350000000000000000e+02 6.960000000000000000e+02 7.800000000000000000e+02 7.650000000000000000e+02 7.790000000000000000e+02 7.460000000000000000e+02 8.310000000000000000e+02
4.870000000000000000e+02 5.220000000000000000e+02 5.010000000000000000e+02 4.620000000000000000e+02 5.700000000000000000e+02 5.860000000000000000e+02 6.410000000000000000e+02 6.960000000000000000e+02 6.730000000000000000e+02 8.950000000000000000e+02 8.190000000000000000e+02 8.600000000000000000e+02 8.850000000000000000e+02
5.480000000000000000e+02 5.580000000000000000e+02 5.620000000000000000e+02 5.870000000000000000e+02 6.180000000000000000e+02 6.070000000000000000e+02 6.760000000000000000e+02 6.970000000000000000e+02 7.370000000000000000e+02 7.590000000000000000e+02 1.082000000000000000e+03 8.660000000000000000e+02 8.830000000000000000e+02
5.550000000000000000e+02 5.660000000000000000e+02 5.700000000000000000e+02 6.220000000000000000e+02 6.000000000000000000e+02 6.480000000000000000e+02 7.330000000000000000e+02 7.740000000000000000e+02 8.210000000000000000e+02 8.170000000000000000e+02 8.300000000000000000e+02 1.117000000000000000e+03 9.900000000000000000e+02
6.370000000000000000e+02 6.280000000000000000e+02 7.160000000000000000e+02 6.560000000000000000e+02 7.360000000000000000e+02 7.540000000000000000e+02 7.710000000000000000e+02 8.170000000000000000e+02 8.290000000000000000e+02 9.150000000000000000e+02 9.210000000000000000e+02 9.310000000000000000e+02 1.172000000000000000e+03
