4.410000000000000000e+02 3.080000000000000000e+02 3.190000000000000000e+02 3.540000000000000000e+02 3.860000000000000000e+02 3.500000000000000000e+02 3.670000000000000000e+02 4.140000000000000000e+02 4.290000000000000000e+02 4.840000000000000000e+02 4.890000000000000000e+02 5.590000000000000000e+02 6.310000000000000000e+02
2.980000000000000000e+02 4.290000000000000000e+02 3.600000000000000000e+02 3.780000000000000000e+02 3.920000000000000000e+02 3.970000000000000000e+02 4.050000000000000000e+02 3.710000000000000000e+02 4.450000000000000000e+02 5.390000000000000000e+02 5.150000000000000000e+02 5.510000000000000000e+02 6.210000000000000000e+02
3.130000000000000000e+02 3.640000000000000000e+02 4.460000000000000000e+02 3.890000000000000000e+02 4.600000000000000000e+02 3.920000000000000000e+02 4.290000000000000000e+02 4.350000000000000000e+02 4.530000000000000000e+02 4.730000000000000000e+02 5.130000000000000000e+02 5.810000000000000000e+02 6.710000000000000000e+02
3.740000000000000000e+02 4.220000000000000000e+02 4.460000000000000000e+02 4.470000000000000000e+02 4.620000000000000000e+02 4.540000000000000000e+02 4.550000000000000000e+02 5.060000000000000000e+02 4.260000000000000000e+02 5.400000000000000000e+02 5.740000000000000000e+02 5.930000000000000000e+02 7.170000000000000000e+02
3.600000000000000000e+02 4.350000000000000000e+02 4.360000000000000000e+02 4.620000000000000000e+02 5.150000000000000000e+02 4.880000000000000000e+02 4.970000000000000000e+02 4.900000000000000000e+02 5.240000000000000000e+02 5.710000000000000000e+02 5.660000000000000000e+02 6.460000000000000000e+02 7.630000000000000000e+02
3.850000000000000000e+02 3.780000000000000000e+02 4.310000000000000000e+02 4.590000000000000000e+02 4.900000000000000000e+02 5.640000000000000000e+02 5.300000000000000000e+02 5.700000000000000000e+02 5.930000000000000000e+02 5.640000000000000000e+02 6.280000000000000000e+02 6.590000000000000000e+02 7.500000000000000000e+02
4.000000000000000000e+02 4.160000000000000000e+02 4.300000000000000000e+02 4.930000000000000000e+02 5.360000000000000000e+02 5.740000000000000000e+02 6.450000000000000000e+02 5.610000000000000000e+02 6.380000000000000000e+02 6.400000000000000000e+02 6.710000000000000000e+02 6.740000000000000000e+02 8.300000000000000000e+02
4.170000000000000000e+02 4.230000000000000000e+02 4.140000000000000000e+02 4.580000000000000000e+02 5.140000000000000000e+02 5.960000000000000000e+02 5.740000000000000000e+02 7.110000000000000000e+02 6.740000000000000000e+02 6.480000000000000000e+02 7.230000000000000000e+02 7.400000000000000000e+02 8.640000000000000000e+02
4.390000000000000000e+02 4.340000000000000000e+02 4.820000000000000000e+02 4.810000000000000000e+02 5.490000000000000000e+02 5.920000000000000000e+02 6.420000000000000000e+02 6.710000000000000000e+02 8.200000000000000000e+02 6.950000000000000000e+02 8.030000000000000000e+02 8.320000000000000000e+02 9.090000000000000000e+02
4.720000000000000000e+02 4.680000000000000000e+02 5.120000000000000000e+02 4.990000000000000000e+02 5.170000000000000000e+02 5.790000000000000000e+02 6.740000000000000000e+02 6.960000000000000000e+02 8.040000000000000000e+02 9.300000000000000000e+02 8.390000000000000000e+02 8.960000000000000000e+02 9.610000000000000000e+02
4.850000000000000000e+02 5.410000000000000000e+02 5.260000000000000000e+02 5.680000000000000000e+02 5.610000000000000000e+02 5.660000000000000000e+02 6.670000000000000000e+02 6.810000000000000000e+02 8.640000000000000000e+02 8.360000000000000000e+02 1.060000000000000000e+03 8.830000000000000000e+02 1.007000000000000000e+03
5.470000000000000000e+02 5.620000000000000000e+02 5.880000000000000000e+02 5.860000000000000000e+02 6.270000000000000000e+02 6.880000000000000000e+02 6.620000000000000000e+02 7.910000000000000000e+02 7.730000000000000000e+02 9.070000000000000000e+02 9.160000000000000000e+02 1.246000000000000000e+03 1.048000000000000000e+03
6.110000000000000000e+02 6.800000000000000000e+02 7.100000000000000000e+02 6.410000000000000000e+02 7.390000000000000000e+02 7.340000000000000000e+02 7.850000000000000000e+02 8.580000000000000000e+02 9.200000000000000000e+02 8.980000000000000000e+02 9.830000000000000000e+02 1.064000000000000000e+03 1.410000000000000000e+03
