4.889000000000000000e+03 3.243000000000000000e+03 3.465000000000000000e+03 3.548000000000000000e+03 3.812000000000000000e+03 3.496000000000000000e+03 3.700000000000000000e+03 3.907000000000000000e+03 4.227000000000000000e+03 4.546000000000000000e+03 4.944000000000000000e+03 5.427000000000000000e+03 6.320000000000000000e+03
3.302000000000000000e+03 4.948000000000000000e+03 3.878000000000000000e+03 4.005000000000000000e+03 4.233000000000000000e+03 3.744000000000000000e+03 3.663000000000000000e+03 4.085000000000000000e+03 4.440000000000000000e+03 4.635000000000000000e+03 5.039000000000000000e+03 5.442000000000000000e+03 6.365000000000000000e+03
3.561000000000000000e+03 3.774000000000000000e+03 4.934000000000000000e+03 4.306000000000000000e+03 4.486000000000000000e+03 4.363000000000000000e+03 4.292000000000000000e+03 4.201000000000000000e+03 4.514000000000000000e+03 4.905000000000000000e+03 5.246000000000000000e+03 5.826000000000000000e+03 6.671000000000000000e+03
3.586000000000000000e+03 3.982000000000000000e+03 4.280000000000000000e+03 5.064000000000000000e+03 4.982000000000000000e+03 4.822000000000000000e+03 4.761000000000000000e+03 4.664000000000000000e+03 4.667000000000000000e+03 5.127000000000000000e+03 5.372000000000000000e+03 6.208000000000000000e+03 6.892000000000000000e+03
3.805000000000000000e+03 4.189000000000000000e+03 4.709000000000000000e+03 4.949000000000000000e+03 5.386000000000000000e+03 5.219000000000000000e+03 5.067000000000000000e+03 5.312000000000000000e+03 5.038000000000000000e+03 5.126000000000000000e+03 5.762000000000000000e+03 6.262000000000000000e+03 7.066000000000000000e+03
3.508000000000000000e+03 3.962000000000000000e+03 4.300000000000000000e+03 4.845000000000000000e+03 5.158000000000000000e+03 5.842000000000000000e+03 5.602000000000000000e+03 5.468000000000000000e+03 5.486000000000000000e+03 5.724000000000000000e+03 5.876000000000000000e+03 6.551000000000000000e+03 7.499000000000000000e+03
3.799000000000000000e+03 3.737000000000000000e+03 4.220000000000000000e+03 4.651000000000000000e+03 5.051000000000000000e+03 5.544000000000000000e+03 6.314000000000000000e+03 5.891000000000000000e+03 6.192000000000000000e+03 6.442000000000000000e+03 6.314000000000000000e+03 6.797000000000000000e+03 7.820000000000000000e+03
3.848000000000000000e+03 3.985000000000000000e+03 4.044000000000000000e+03 4.591000000000000000e+03 5.082000000000000000e+03 5.399000000000000000e+03 5.915000000000000000e+03 6.834000000000000000e+03 6.893000000000000000e+03 6.943000000000000000e+03 7.071000000000000000e+03 7.297000000000000000e+03 8.142000000000000000e+03
4.279000000000000000e+03 4.342000000000000000e+03 4.662000000000000000e+03 4.695000000000000000e+03 5.050000000000000000e+03 5.581000000000000000e+03 6.236000000000000000e+03 6.856000000000000000e+03 7.717000000000000000e+03 7.872000000000000000e+03 7.919000000000000000e+03 8.493000000000000000e+03 9.190000000000000000e+03
4.607000000000000000e+03 4.617000000000000000e+03 4.778000000000000000e+03 5.072000000000000000e+03 5.108000000000000000e+03 5.800000000000000000e+03 6.210000000000000000e+03 6.892000000000000000e+03 7.755000000000000000e+03 9.192000000000000000e+03 8.490000000000000000e+03 8.845000000000000000e+03 9.536000000000000000e+03
4.963000000000000000e+03 5.015000000000000000e+03 5.251000000000000000e+03 5.496000000000000000e+03 5.673000000000000000e+03 5.899000000000000000e+03 6.497000000000000000e+03 7.116000000000000000e+03 7.878000000000000000e+03 8.403000000000000000e+03 1.042400000000000000e+04 9.558000000000000000e+03 1.033500000000000000e+04
5.472000000000000000e+03 5.556000000000000000e+03 5.787000000000000000e+03 6.050000000000000000e+03 6.168000000000000000e+03 6.658000000000000000e+03 6.860000000000000000e+03 7.409000000000000000e+03 8.545000000000000000e+03 8.944000000000000000e+03 9.525000000000000000e+03 1.261000000000000000e+04 1.110700000000000000e+04
6.190000000000000000e+03 6.599000000000000000e+03 6.685000000000000000e+03 6.793000000000000000e+03 7.191000000000000000e+03 7.501000000000000000e+03 7.842000000000000000e+03 7.973000000000000000e+03 9.102000000000000000e+03 9.692000000000000000e+03 1.023000000000000000e+04 1.108800000000000000e+04 1.480500000000000000e+04
