5.320000000000000000e+02 3.350000000000000000e+02 3.400000000000000000e+02 3.340000000000000000e+02 3.880000000000000000e+02 3.690000000000000000e+02 4.050000000000000000e+02 3.880000000000000000e+02 4.160000000000000000e+02 4.710000000000000000e+02 5.450000000000000000e+02 5.360000000000000000e+02 5.950000000000000000e+02
3.240000000000000000e+02 4.700000000000000000e+02 4.060000000000000000e+02 4.240000000000000000e+02 4.120000000000000000e+02 4.020000000000000000e+02 3.680000000000000000e+02 3.840000000000000000e+02 4.340000000000000000e+02 4.520000000000000000e+02 5.000000000000000000e+02 5.650000000000000000e+02 6.610000000000000000e+02
3.280000000000000000e+02 3.660000000000000000e+02 5.300000000000000000e+02 4.260000000000000000e+02 4.580000000000000000e+02 4.580000000000000000e+02 4.120000000000000000e+02 3.980000000000000000e+02 4.440000000000000000e+02 4.950000000000000000e+02 5.220000000000000000e+02 5.400000000000000000e+02 6.940000000000000000e+02
3.440000000000000000e+02 3.740000000000000000e+02 4.280000000000000000e+02 5.200000000000000000e+02 4.970000000000000000e+02 4.630000000000000000e+02 4.560000000000000000e+02 4.670000000000000000e+02 4.690000000000000000e+02 5.070000000000000000e+02 5.380000000000000000e+02 6.280000000000000000e+02 7.150000000000000000e+02
4.170000000000000000e+02 4.560000000000000000e+02 4.520000000000000000e+02 5.300000000000000000e+02 5.310000000000000000e+02 5.090000000000000000e+02 5.220000000000000000e+02 5.180000000000000000e+02 5.420000000000000000e+02 5.260000000000000000e+02 6.310000000000000000e+02 6.370000000000000000e+02 7.000000000000000000e+02
3.640000000000000000e+02 4.010000000000000000e+02 4.430000000000000000e+02 4.990000000000000000e+02 5.230000000000000000e+02 5.920000000000000000e+02 5.780000000000000000e+02 5.550000000000000000e+02 5.900000000000000000e+02 6.120000000000000000e+02 5.770000000000000000e+02 6.570000000000000000e+02 7.610000000000000000e+02
3.880000000000000000e+02 4.080000000000000000e+02 4.170000000000000000e+02 4.770000000000000000e+02 5.110000000000000000e+02 5.200000000000000000e+02 5.870000000000000000e+02 5.520000000000000000e+02 6.280000000000000000e+02 6.240000000000000000e+02 6.500000000000000000e+02 6.650000000000000000e+02 7.650000000000000000e+02
4.010000000000000000e+02 3.990000000000000000e+02 4.090000000000000000e+02 4.860000000000000000e+02 5.220000000000000000e+02 5.560000000000000000e+02 6.060000000000000000e+02 7.280000000000000000e+02 6.790000000000000000e+02 6.790000000000000000e+02 7.730000000000000000e+02 8.160000000000000000e+02 8.150000000000000000e+02
4.130000000000000000e+02 4.050000000000000000e+02 4.600000000000000000e+02 4.560000000000000000e+02 5.440000000000000000e+02 5.710000000000000000e+02 6.120000000000000000e+02 7.000000000000000000e+02 8.060000000000000000e+02 7.390000000000000000e+02 7.560000000000000000e+02 8.410000000000000000e+02 8.890000000000000000e+02
4.660000000000000000e+02 4.590000000000000000e+02 4.620000000000000000e+02 4.990000000000000000e+02 5.400000000000000000e+02 5.580000000000000000e+02 6.040000000000000000e+02 6.610000000000000000e+02 7.420000000000000000e+02 9.320000000000000000e+02 8.390000000000000000e+02 8.750000000000000000e+02 9.770000000000000000e+02
4.980000000000000000e+02 4.850000000000000000e+02 5.110000000000000000e+02 4.970000000000000000e+02 5.460000000000000000e+02 5.370000000000000000e+02 6.560000000000000000e+02 7.290000000000000000e+02 8.120000000000000000e+02 7.940000000000000000e+02 1.066000000000000000e+03 9.130000000000000000e+02 1.080000000000000000e+03
5.640000000000000000e+02 5.760000000000000000e+02 5.560000000000000000e+02 5.820000000000000000e+02 6.420000000000000000e+02 6.480000000000000000e+02 6.540000000000000000e+02 7.340000000000000000e+02 8.450000000000000000e+02 9.160000000000000000e+02 9.280000000000000000e+02 1.237000000000000000e+03 1.147000000000000000e+03
6.530000000000000000e+02 6.370000000000000000e+02 6.760000000000000000e+02 6.550000000000000000e+02 6.820000000000000000e+02 7.150000000000000000e+02 7.130000000000000000e+02 7.720000000000000000e+02 9.310000000000000000e+02 8.990000000000000000e+02 1.030000000000000000e+03 1.132000000000000000e+03 1.429000000000000000e+03
