4.910000000000000000e+02 3.300000000000000000e+02 3.530000000000000000e+02 3.300000000000000000e+02 3.700000000000000000e+02 3.300000000000000000e+02 3.560000000000000000e+02 3.890000000000000000e+02 4.410000000000000000e+02 4.530000000000000000e+02 4.750000000000000000e+02 5.850000000000000000e+02 5.980000000000000000e+02
3.460000000000000000e+02 4.250000000000000000e+02 3.760000000000000000e+02 3.930000000000000000e+02 4.150000000000000000e+02 3.800000000000000000e+02 3.890000000000000000e+02 4.050000000000000000e+02 4.080000000000000000e+02 4.830000000000000000e+02 5.160000000000000000e+02 5.830000000000000000e+02 6.430000000000000000e+02
3.780000000000000000e+02 3.490000000000000000e+02 4.890000000000000000e+02 4.250000000000000000e+02 4.370000000000000000e+02 4.380000000000000000e+02 4.290000000000000000e+02 4.440000000000000000e+02 4.420000000000000000e+02 4.890000000000000000e+02 5.590000000000000000e+02 5.920000000000000000e+02 6.670000000000000000e+02
3.720000000000000000e+02 3.920000000000000000e+02 4.440000000000000000e+02 4.390000000000000000e+02 4.890000000000000000e+02 4.660000000000000000e+02 4.680000000000000000e+02 4.860000000000000000e+02 5.010000000000000000e+02 5.150000000000000000e+02 5.460000000000000000e+02 6.040000000000000000e+02 6.900000000000000000e+02
3.600000000000000000e+02 4.100000000000000000e+02 4.550000000000000000e+02 5.010000000000000000e+02 5.410000000000000000e+02 4.540000000000000000e+02 5.580000000000000000e+02 5.300000000000000000e+02 5.520000000000000000e+02 5.210000000000000000e+02 5.530000000000000000e+02 6.610000000000000000e+02 7.150000000000000000e+02
3.470000000000000000e+02 3.900000000000000000e+02 4.540000000000000000e+02 4.760000000000000000e+02 4.960000000000000000e+02 5.580000000000000000e+02 5.540000000000000000e+02 5.900000000000000000e+02 5.790000000000000000e+02 5.920000000000000000e+02 5.950000000000000000e+02 6.780000000000000000e+02 7.510000000000000000e+02
3.770000000000000000e+02 3.670000000000000000e+02 3.880000000000000000e+02 4.390000000000000000e+02 4.950000000000000000e+02 5.530000000000000000e+02 5.980000000000000000e+02 6.020000000000000000e+02 6.150000000000000000e+02 5.720000000000000000e+02 6.430000000000000000e+02 7.010000000000000000e+02 7.900000000000000000e+02
4.080000000000000000e+02 4.070000000000000000e+02 4.040000000000000000e+02 4.420000000000000000e+02 5.410000000000000000e+02 5.350000000000000000e+02 5.940000000000000000e+02 6.940000000000000000e+02 6.490000000000000000e+02 6.930000000000000000e+02 7.190000000000000000e+02 7.590000000000000000e+02 7.950000000000000000e+02
4.010000000000000000e+02 4.320000000000000000e+02 4.760000000000000000e+02 4.650000000000000000e+02 5.120000000000000000e+02 5.720000000000000000e+02 6.480000000000000000e+02 6.380000000000000000e+02 7.790000000000000000e+02 7.760000000000000000e+02 7.610000000000000000e+02 8.760000000000000000e+02 9.380000000000000000e+02
4.650000000000000000e+02 4.500000000000000000e+02 4.900000000000000000e+02 4.830000000000000000e+02 5.460000000000000000e+02 5.740000000000000000e+02 6.340000000000000000e+02 7.070000000000000000e+02 7.600000000000000000e+02 9.270000000000000000e+02 8.290000000000000000e+02 8.990000000000000000e+02 9.380000000000000000e+02
4.740000000000000000e+02 5.200000000000000000e+02 5.330000000000000000e+02 5.290000000000000000e+02 5.550000000000000000e+02 5.980000000000000000e+02 6.900000000000000000e+02 7.380000000000000000e+02 8.770000000000000000e+02 8.310000000000000000e+02 1.075000000000000000e+03 9.160000000000000000e+02 9.630000000000000000e+02
5.300000000000000000e+02 5.810000000000000000e+02 5.920000000000000000e+02 6.140000000000000000e+02 6.160000000000000000e+02 6.580000000000000000e+02 6.650000000000000000e+02 8.230000000000000000e+02 8.600000000000000000e+02 9.090000000000000000e+02 9.350000000000000000e+02 1.196000000000000000e+03 1.131000000000000000e+03
6.140000000000000000e+02 6.570000000000000000e+02 6.440000000000000000e+02 7.110000000000000000e+02 7.210000000000000000e+02 6.820000000000000000e+02 7.550000000000000000e+02 8.110000000000000000e+02 9.330000000000000000e+02 9.840000000000000000e+02 1.065000000000000000e+03 1.143000000000000000e+03 1.431000000000000000e+03
