4.890000000000000000e+02 3.200000000000000000e+02 3.130000000000000000e+02 3.480000000000000000e+02 3.460000000000000000e+02 3.520000000000000000e+02 3.710000000000000000e+02 3.730000000000000000e+02 4.340000000000000000e+02 4.760000000000000000e+02 4.510000000000000000e+02 5.080000000000000000e+02 5.900000000000000000e+02
2.990000000000000000e+02 5.260000000000000000e+02 3.500000000000000000e+02 4.020000000000000000e+02 4.030000000000000000e+02 3.860000000000000000e+02 4.050000000000000000e+02 3.650000000000000000e+02 4.330000000000000000e+02 4.540000000000000000e+02 5.150000000000000000e+02 4.720000000000000000e+02 6.190000000000000000e+02
3.070000000000000000e+02 3.520000000000000000e+02 5.220000000000000000e+02 4.110000000000000000e+02 4.580000000000000000e+02 4.470000000000000000e+02 4.120000000000000000e+02 3.960000000000000000e+02 4.330000000000000000e+02 4.650000000000000000e+02 5.070000000000000000e+02 5.640000000000000000e+02 6.570000000000000000e+02
2.920000000000000000e+02 3.760000000000000000e+02 4.150000000000000000e+02 5.480000000000000000e+02 4.970000000000000000e+02 4.400000000000000000e+02 4.800000000000000000e+02 4.610000000000000000e+02 4.720000000000000000e+02 4.780000000000000000e+02 5.700000000000000000e+02 6.070000000000000000e+02 6.810000000000000000e+02
3.330000000000000000e+02 3.730000000000000000e+02 4.230000000000000000e+02 5.180000000000000000e+02 5.560000000000000000e+02 5.530000000000000000e+02 5.270000000000000000e+02 5.580000000000000000e+02 5.260000000000000000e+02 4.910000000000000000e+02 5.490000000000000000e+02 6.090000000000000000e+02 7.400000000000000000e+02
3.300000000000000000e+02 3.810000000000000000e+02 4.420000000000000000e+02 4.820000000000000000e+02 5.170000000000000000e+02 6.350000000000000000e+02 5.770000000000000000e+02 5.650000000000000000e+02 5.760000000000000000e+02 6.060000000000000000e+02 5.920000000000000000e+02 6.410000000000000000e+02 6.870000000000000000e+02
3.430000000000000000e+02 3.870000000000000000e+02 4.260000000000000000e+02 4.770000000000000000e+02 5.330000000000000000e+02 5.550000000000000000e+02 6.960000000000000000e+02 6.010000000000000000e+02 6.060000000000000000e+02 5.920000000000000000e+02 7.020000000000000000e+02 6.920000000000000000e+02 7.680000000000000000e+02
3.890000000000000000e+02 3.840000000000000000e+02 3.790000000000000000e+02 4.120000000000000000e+02 5.200000000000000000e+02 5.380000000000000000e+02 5.860000000000000000e+02 7.630000000000000000e+02 7.680000000000000000e+02 7.040000000000000000e+02 6.790000000000000000e+02 7.500000000000000000e+02 7.830000000000000000e+02
3.920000000000000000e+02 4.250000000000000000e+02 4.580000000000000000e+02 4.350000000000000000e+02 5.460000000000000000e+02 5.970000000000000000e+02 6.640000000000000000e+02 7.080000000000000000e+02 8.700000000000000000e+02 7.830000000000000000e+02 8.200000000000000000e+02 8.550000000000000000e+02 8.990000000000000000e+02
4.270000000000000000e+02 4.590000000000000000e+02 4.360000000000000000e+02 4.640000000000000000e+02 5.040000000000000000e+02 5.830000000000000000e+02 6.840000000000000000e+02 7.120000000000000000e+02 7.900000000000000000e+02 1.007000000000000000e+03 8.550000000000000000e+02 9.740000000000000000e+02 9.500000000000000000e+02
5.130000000000000000e+02 5.060000000000000000e+02 4.990000000000000000e+02 5.360000000000000000e+02 6.080000000000000000e+02 5.600000000000000000e+02 6.590000000000000000e+02 7.810000000000000000e+02 8.200000000000000000e+02 8.340000000000000000e+02 1.150000000000000000e+03 9.760000000000000000e+02 1.053000000000000000e+03
4.900000000000000000e+02 5.530000000000000000e+02 5.700000000000000000e+02 5.750000000000000000e+02 6.140000000000000000e+02 6.580000000000000000e+02 6.790000000000000000e+02 7.020000000000000000e+02 8.230000000000000000e+02 9.510000000000000000e+02 9.940000000000000000e+02 1.320000000000000000e+03 1.146000000000000000e+03
5.580000000000000000e+02 5.820000000000000000e+02 6.230000000000000000e+02 7.280000000000000000e+02 7.060000000000000000e+02 6.880000000000000000e+02 7.390000000000000000e+02 8.070000000000000000e+02 9.030000000000000000e+02 9.640000000000000000e+02 1.084000000000000000e+03 1.139000000000000000e+03 1.544000000000000000e+03
