4.550000000000000000e+02 3.430000000000000000e+02 3.510000000000000000e+02 3.450000000000000000e+02 3.750000000000000000e+02 3.890000000000000000e+02 4.280000000000000000e+02 4.340000000000000000e+02 4.590000000000000000e+02 4.920000000000000000e+02 5.370000000000000000e+02 5.790000000000000000e+02 6.460000000000000000e+02
3.040000000000000000e+02 4.540000000000000000e+02 3.700000000000000000e+02 4.440000000000000000e+02 4.390000000000000000e+02 3.710000000000000000e+02 4.320000000000000000e+02 4.540000000000000000e+02 4.790000000000000000e+02 5.140000000000000000e+02 5.670000000000000000e+02 6.030000000000000000e+02 6.820000000000000000e+02
3.860000000000000000e+02 3.870000000000000000e+02 5.070000000000000000e+02 4.080000000000000000e+02 4.280000000000000000e+02 4.360000000000000000e+02 4.610000000000000000e+02 4.400000000000000000e+02 5.030000000000000000e+02 5.010000000000000000e+02 5.710000000000000000e+02 6.180000000000000000e+02 7.360000000000000000e+02
4.030000000000000000e+02 3.950000000000000000e+02 4.100000000000000000e+02 5.630000000000000000e+02 4.840000000000000000e+02 4.860000000000000000e+02 5.240000000000000000e+02 5.740000000000000000e+02 5.060000000000000000e+02 5.300000000000000000e+02 5.570000000000000000e+02 6.190000000000000000e+02 6.860000000000000000e+02
3.970000000000000000e+02 4.140000000000000000e+02 4.360000000000000000e+02 4.470000000000000000e+02 6.280000000000000000e+02 5.320000000000000000e+02 5.080000000000000000e+02 4.960000000000000000e+02 5.440000000000000000e+02 5.690000000000000000e+02 5.730000000000000000e+02 6.480000000000000000e+02 7.100000000000000000e+02
4.170000000000000000e+02 4.530000000000000000e+02 4.220000000000000000e+02 5.000000000000000000e+02 4.910000000000000000e+02 6.820000000000000000e+02 5.810000000000000000e+02 5.720000000000000000e+02 5.980000000000000000e+02 6.050000000000000000e+02 6.380000000000000000e+02 6.790000000000000000e+02 7.520000000000000000e+02
4.130000000000000000e+02 4.000000000000000000e+02 4.470000000000000000e+02 4.920000000000000000e+02 5.420000000000000000e+02 5.580000000000000000e+02 6.720000000000000000e+02 6.210000000000000000e+02 5.730000000000000000e+02 5.810000000000000000e+02 6.270000000000000000e+02 7.180000000000000000e+02 8.040000000000000000e+02
4.390000000000000000e+02 4.610000000000000000e+02 4.370000000000000000e+02 4.890000000000000000e+02 5.210000000000000000e+02 5.320000000000000000e+02 5.420000000000000000e+02 7.370000000000000000e+02 6.380000000000000000e+02 6.620000000000000000e+02 7.070000000000000000e+02 7.830000000000000000e+02 8.070000000000000000e+02
4.710000000000000000e+02 4.680000000000000000e+02 4.770000000000000000e+02 5.010000000000000000e+02 5.320000000000000000e+02 5.690000000000000000e+02 6.230000000000000000e+02 6.950000000000000000e+02 8.140000000000000000e+02 6.690000000000000000e+02 7.210000000000000000e+02 7.630000000000000000e+02 7.910000000000000000e+02
4.920000000000000000e+02 5.310000000000000000e+02 4.830000000000000000e+02 5.340000000000000000e+02 6.110000000000000000e+02 5.860000000000000000e+02 6.240000000000000000e+02 6.730000000000000000e+02 6.960000000000000000e+02 8.670000000000000000e+02 8.000000000000000000e+02 8.570000000000000000e+02 8.660000000000000000e+02
5.260000000000000000e+02 5.560000000000000000e+02 5.600000000000000000e+02 5.480000000000000000e+02 5.820000000000000000e+02 5.990000000000000000e+02 6.530000000000000000e+02 7.350000000000000000e+02 7.500000000000000000e+02 7.540000000000000000e+02 9.190000000000000000e+02 8.140000000000000000e+02 8.790000000000000000e+02
5.870000000000000000e+02 6.280000000000000000e+02 6.660000000000000000e+02 6.400000000000000000e+02 6.640000000000000000e+02 7.120000000000000000e+02 6.740000000000000000e+02 6.740000000000000000e+02 7.920000000000000000e+02 7.880000000000000000e+02 8.070000000000000000e+02 1.027000000000000000e+03 9.380000000000000000e+02
6.540000000000000000e+02 6.470000000000000000e+02 6.270000000000000000e+02 7.530000000000000000e+02 6.840000000000000000e+02 7.180000000000000000e+02 7.830000000000000000e+02 8.060000000000000000e+02 8.490000000000000000e+02 8.230000000000000000e+02 8.640000000000000000e+02 9.600000000000000000e+02 1.086000000000000000e+03
