3.900000000000000000e+02 3.340000000000000000e+02 3.610000000000000000e+02 3.530000000000000000e+02 3.920000000000000000e+02 3.390000000000000000e+02 4.140000000000000000e+02 3.840000000000000000e+02 4.280000000000000000e+02 4.880000000000000000e+02 5.430000000000000000e+02 5.540000000000000000e+02 6.730000000000000000e+02
2.950000000000000000e+02 4.170000000000000000e+02 3.530000000000000000e+02 3.890000000000000000e+02 4.030000000000000000e+02 3.950000000000000000e+02 3.840000000000000000e+02 4.260000000000000000e+02 4.840000000000000000e+02 5.000000000000000000e+02 5.030000000000000000e+02 5.740000000000000000e+02 6.460000000000000000e+02
3.360000000000000000e+02 3.580000000000000000e+02 4.500000000000000000e+02 4.280000000000000000e+02 4.810000000000000000e+02 3.980000000000000000e+02 4.830000000000000000e+02 4.320000000000000000e+02 5.030000000000000000e+02 4.930000000000000000e+02 5.200000000000000000e+02 5.760000000000000000e+02 7.000000000000000000e+02
3.410000000000000000e+02 3.880000000000000000e+02 4.530000000000000000e+02 5.000000000000000000e+02 4.970000000000000000e+02 5.110000000000000000e+02 4.760000000000000000e+02 4.830000000000000000e+02 5.230000000000000000e+02 5.700000000000000000e+02 5.720000000000000000e+02 6.600000000000000000e+02 7.240000000000000000e+02
3.990000000000000000e+02 4.030000000000000000e+02 4.210000000000000000e+02 5.020000000000000000e+02 4.920000000000000000e+02 4.750000000000000000e+02 4.950000000000000000e+02 5.810000000000000000e+02 5.380000000000000000e+02 5.310000000000000000e+02 5.740000000000000000e+02 5.820000000000000000e+02 7.170000000000000000e+02
3.220000000000000000e+02 3.910000000000000000e+02 4.210000000000000000e+02 4.860000000000000000e+02 5.340000000000000000e+02 6.210000000000000000e+02 5.200000000000000000e+02 5.270000000000000000e+02 5.450000000000000000e+02 5.820000000000000000e+02 6.020000000000000000e+02 6.520000000000000000e+02 7.280000000000000000e+02
3.890000000000000000e+02 3.840000000000000000e+02 4.170000000000000000e+02 4.860000000000000000e+02 5.100000000000000000e+02 5.680000000000000000e+02 6.960000000000000000e+02 6.040000000000000000e+02 6.460000000000000000e+02 6.170000000000000000e+02 6.800000000000000000e+02 7.400000000000000000e+02 7.490000000000000000e+02
3.910000000000000000e+02 4.280000000000000000e+02 4.270000000000000000e+02 4.580000000000000000e+02 5.100000000000000000e+02 5.420000000000000000e+02 6.220000000000000000e+02 7.400000000000000000e+02 6.730000000000000000e+02 7.030000000000000000e+02 7.610000000000000000e+02 7.120000000000000000e+02 8.070000000000000000e+02
4.160000000000000000e+02 4.370000000000000000e+02 5.100000000000000000e+02 4.880000000000000000e+02 5.010000000000000000e+02 5.280000000000000000e+02 6.280000000000000000e+02 7.040000000000000000e+02 8.600000000000000000e+02 7.220000000000000000e+02 7.990000000000000000e+02 8.280000000000000000e+02 8.950000000000000000e+02
4.710000000000000000e+02 4.890000000000000000e+02 5.100000000000000000e+02 5.020000000000000000e+02 5.420000000000000000e+02 5.900000000000000000e+02 6.270000000000000000e+02 6.790000000000000000e+02 7.170000000000000000e+02 9.450000000000000000e+02 7.810000000000000000e+02 8.690000000000000000e+02 9.410000000000000000e+02
5.150000000000000000e+02 5.420000000000000000e+02 5.630000000000000000e+02 5.750000000000000000e+02 6.240000000000000000e+02 5.830000000000000000e+02 6.570000000000000000e+02 7.230000000000000000e+02 7.620000000000000000e+02 7.820000000000000000e+02 1.018000000000000000e+03 9.190000000000000000e+02 9.490000000000000000e+02
5.620000000000000000e+02 5.400000000000000000e+02 6.070000000000000000e+02 6.170000000000000000e+02 6.490000000000000000e+02 6.640000000000000000e+02 7.110000000000000000e+02 7.640000000000000000e+02 8.720000000000000000e+02 9.330000000000000000e+02 9.060000000000000000e+02 1.160000000000000000e+03 1.022000000000000000e+03
6.490000000000000000e+02 6.050000000000000000e+02 6.790000000000000000e+02 6.680000000000000000e+02 7.010000000000000000e+02 7.320000000000000000e+02 7.440000000000000000e+02 7.840000000000000000e+02 9.130000000000000000e+02 8.980000000000000000e+02 9.570000000000000000e+02 9.820000000000000000e+02 1.311000000000000000e+03
