3.930000000000000000e+02 3.410000000000000000e+02 3.360000000000000000e+02 3.440000000000000000e+02 4.140000000000000000e+02 3.480000000000000000e+02 3.860000000000000000e+02 4.250000000000000000e+02 4.330000000000000000e+02 4.360000000000000000e+02 5.010000000000000000e+02 5.390000000000000000e+02 6.650000000000000000e+02
3.170000000000000000e+02 4.610000000000000000e+02 3.700000000000000000e+02 4.060000000000000000e+02 4.180000000000000000e+02 3.900000000000000000e+02 4.370000000000000000e+02 3.900000000000000000e+02 4.560000000000000000e+02 4.920000000000000000e+02 5.100000000000000000e+02 5.380000000000000000e+02 6.340000000000000000e+02
3.420000000000000000e+02 3.630000000000000000e+02 4.290000000000000000e+02 4.090000000000000000e+02 4.590000000000000000e+02 4.000000000000000000e+02 4.490000000000000000e+02 4.300000000000000000e+02 4.480000000000000000e+02 4.770000000000000000e+02 5.990000000000000000e+02 5.510000000000000000e+02 6.640000000000000000e+02
3.560000000000000000e+02 4.090000000000000000e+02 3.640000000000000000e+02 5.600000000000000000e+02 4.410000000000000000e+02 5.650000000000000000e+02 4.630000000000000000e+02 4.810000000000000000e+02 4.980000000000000000e+02 5.100000000000000000e+02 5.580000000000000000e+02 6.380000000000000000e+02 6.710000000000000000e+02
3.650000000000000000e+02 3.890000000000000000e+02 4.500000000000000000e+02 4.580000000000000000e+02 5.040000000000000000e+02 5.260000000000000000e+02 4.730000000000000000e+02 4.860000000000000000e+02 4.930000000000000000e+02 5.260000000000000000e+02 5.630000000000000000e+02 6.600000000000000000e+02 7.160000000000000000e+02
3.760000000000000000e+02 4.210000000000000000e+02 4.270000000000000000e+02 4.410000000000000000e+02 5.320000000000000000e+02 6.100000000000000000e+02 5.800000000000000000e+02 5.640000000000000000e+02 5.590000000000000000e+02 5.650000000000000000e+02 6.180000000000000000e+02 6.660000000000000000e+02 7.280000000000000000e+02
3.490000000000000000e+02 3.990000000000000000e+02 3.810000000000000000e+02 4.570000000000000000e+02 5.270000000000000000e+02 5.670000000000000000e+02 7.020000000000000000e+02 5.880000000000000000e+02 6.110000000000000000e+02 6.470000000000000000e+02 6.940000000000000000e+02 6.430000000000000000e+02 8.040000000000000000e+02
4.220000000000000000e+02 4.400000000000000000e+02 4.290000000000000000e+02 4.800000000000000000e+02 5.150000000000000000e+02 5.850000000000000000e+02 5.850000000000000000e+02 7.830000000000000000e+02 6.950000000000000000e+02 7.060000000000000000e+02 7.270000000000000000e+02 7.320000000000000000e+02 7.640000000000000000e+02
4.080000000000000000e+02 4.490000000000000000e+02 4.950000000000000000e+02 4.900000000000000000e+02 5.450000000000000000e+02 5.640000000000000000e+02 6.120000000000000000e+02 7.150000000000000000e+02 8.460000000000000000e+02 7.590000000000000000e+02 7.600000000000000000e+02 8.530000000000000000e+02 8.630000000000000000e+02
4.500000000000000000e+02 4.940000000000000000e+02 4.860000000000000000e+02 4.950000000000000000e+02 5.580000000000000000e+02 6.100000000000000000e+02 6.360000000000000000e+02 6.260000000000000000e+02 7.560000000000000000e+02 9.590000000000000000e+02 7.690000000000000000e+02 8.560000000000000000e+02 9.320000000000000000e+02
4.910000000000000000e+02 5.190000000000000000e+02 5.500000000000000000e+02 5.570000000000000000e+02 6.190000000000000000e+02 5.580000000000000000e+02 6.790000000000000000e+02 7.440000000000000000e+02 7.780000000000000000e+02 8.090000000000000000e+02 1.020000000000000000e+03 9.260000000000000000e+02 9.660000000000000000e+02
5.810000000000000000e+02 5.770000000000000000e+02 6.180000000000000000e+02 6.300000000000000000e+02 6.390000000000000000e+02 6.740000000000000000e+02 6.650000000000000000e+02 7.910000000000000000e+02 8.380000000000000000e+02 8.770000000000000000e+02 9.290000000000000000e+02 1.153000000000000000e+03 1.013000000000000000e+03
6.660000000000000000e+02 6.950000000000000000e+02 6.950000000000000000e+02 6.890000000000000000e+02 7.040000000000000000e+02 7.390000000000000000e+02 7.950000000000000000e+02 8.550000000000000000e+02 8.980000000000000000e+02 8.590000000000000000e+02 9.520000000000000000e+02 1.054000000000000000e+03 1.370000000000000000e+03
