4.300000000000000000e+02 3.260000000000000000e+02 3.230000000000000000e+02 3.670000000000000000e+02 3.640000000000000000e+02 2.830000000000000000e+02 3.910000000000000000e+02 4.360000000000000000e+02 4.640000000000000000e+02 5.080000000000000000e+02 5.090000000000000000e+02 5.460000000000000000e+02 6.430000000000000000e+02
3.350000000000000000e+02 4.660000000000000000e+02 3.600000000000000000e+02 3.750000000000000000e+02 4.240000000000000000e+02 3.770000000000000000e+02 3.740000000000000000e+02 4.340000000000000000e+02 4.500000000000000000e+02 4.720000000000000000e+02 5.130000000000000000e+02 5.810000000000000000e+02 6.400000000000000000e+02
3.840000000000000000e+02 3.420000000000000000e+02 5.110000000000000000e+02 4.100000000000000000e+02 4.690000000000000000e+02 4.360000000000000000e+02 4.490000000000000000e+02 4.590000000000000000e+02 4.810000000000000000e+02 4.810000000000000000e+02 5.840000000000000000e+02 6.030000000000000000e+02 6.260000000000000000e+02
3.420000000000000000e+02 4.020000000000000000e+02 4.390000000000000000e+02 5.570000000000000000e+02 5.210000000000000000e+02 4.510000000000000000e+02 4.470000000000000000e+02 5.000000000000000000e+02 4.910000000000000000e+02 5.320000000000000000e+02 5.500000000000000000e+02 6.120000000000000000e+02 6.620000000000000000e+02
3.520000000000000000e+02 3.920000000000000000e+02 4.360000000000000000e+02 4.600000000000000000e+02 5.960000000000000000e+02 4.920000000000000000e+02 5.200000000000000000e+02 5.100000000000000000e+02 5.520000000000000000e+02 5.590000000000000000e+02 6.110000000000000000e+02 6.630000000000000000e+02 7.260000000000000000e+02
3.730000000000000000e+02 4.050000000000000000e+02 4.290000000000000000e+02 4.820000000000000000e+02 5.210000000000000000e+02 6.410000000000000000e+02 5.270000000000000000e+02 5.630000000000000000e+02 6.010000000000000000e+02 6.250000000000000000e+02 5.890000000000000000e+02 7.000000000000000000e+02 7.220000000000000000e+02
3.860000000000000000e+02 3.810000000000000000e+02 4.210000000000000000e+02 4.070000000000000000e+02 4.980000000000000000e+02 5.440000000000000000e+02 7.340000000000000000e+02 5.580000000000000000e+02 6.260000000000000000e+02 6.510000000000000000e+02 6.700000000000000000e+02 6.900000000000000000e+02 7.830000000000000000e+02
4.240000000000000000e+02 4.330000000000000000e+02 4.120000000000000000e+02 5.040000000000000000e+02 5.570000000000000000e+02 5.320000000000000000e+02 6.370000000000000000e+02 8.130000000000000000e+02 6.030000000000000000e+02 7.060000000000000000e+02 7.470000000000000000e+02 7.320000000000000000e+02 8.660000000000000000e+02
4.800000000000000000e+02 4.920000000000000000e+02 4.930000000000000000e+02 4.870000000000000000e+02 5.130000000000000000e+02 5.890000000000000000e+02 6.110000000000000000e+02 6.510000000000000000e+02 8.950000000000000000e+02 7.460000000000000000e+02 7.980000000000000000e+02 7.850000000000000000e+02 8.610000000000000000e+02
4.610000000000000000e+02 5.100000000000000000e+02 4.930000000000000000e+02 5.460000000000000000e+02 5.430000000000000000e+02 5.770000000000000000e+02 6.950000000000000000e+02 6.890000000000000000e+02 6.860000000000000000e+02 9.370000000000000000e+02 7.760000000000000000e+02 8.300000000000000000e+02 8.500000000000000000e+02
4.730000000000000000e+02 5.350000000000000000e+02 5.610000000000000000e+02 5.410000000000000000e+02 5.950000000000000000e+02 6.040000000000000000e+02 6.420000000000000000e+02 7.080000000000000000e+02 7.680000000000000000e+02 7.520000000000000000e+02 1.053000000000000000e+03 8.810000000000000000e+02 9.150000000000000000e+02
5.110000000000000000e+02 5.870000000000000000e+02 6.040000000000000000e+02 6.200000000000000000e+02 6.190000000000000000e+02 6.760000000000000000e+02 6.800000000000000000e+02 7.330000000000000000e+02 8.620000000000000000e+02 8.350000000000000000e+02 8.680000000000000000e+02 1.134000000000000000e+03 1.014000000000000000e+03
6.330000000000000000e+02 6.180000000000000000e+02 6.630000000000000000e+02 6.980000000000000000e+02 6.880000000000000000e+02 7.610000000000000000e+02 7.580000000000000000e+02 8.430000000000000000e+02 8.650000000000000000e+02 9.260000000000000000e+02 9.640000000000000000e+02 1.010000000000000000e+03 1.314000000000000000e+03
