4.690000000000000000e+02 3.740000000000000000e+02 3.950000000000000000e+02 3.820000000000000000e+02 4.020000000000000000e+02 4.190000000000000000e+02 4.640000000000000000e+02 5.230000000000000000e+02 4.560000000000000000e+02 4.970000000000000000e+02 5.710000000000000000e+02 6.150000000000000000e+02 6.840000000000000000e+02
3.540000000000000000e+02 4.510000000000000000e+02 3.880000000000000000e+02 4.050000000000000000e+02 4.020000000000000000e+02 4.320000000000000000e+02 4.750000000000000000e+02 4.810000000000000000e+02 5.470000000000000000e+02 5.310000000000000000e+02 5.780000000000000000e+02 6.200000000000000000e+02 6.680000000000000000e+02
3.860000000000000000e+02 4.360000000000000000e+02 5.020000000000000000e+02 4.480000000000000000e+02 4.620000000000000000e+02 4.790000000000000000e+02 4.830000000000000000e+02 5.020000000000000000e+02 5.050000000000000000e+02 5.870000000000000000e+02 5.640000000000000000e+02 6.670000000000000000e+02 7.240000000000000000e+02
3.830000000000000000e+02 4.300000000000000000e+02 4.690000000000000000e+02 5.840000000000000000e+02 4.820000000000000000e+02 4.940000000000000000e+02 5.310000000000000000e+02 5.490000000000000000e+02 5.650000000000000000e+02 5.600000000000000000e+02 6.060000000000000000e+02 6.450000000000000000e+02 7.050000000000000000e+02
4.000000000000000000e+02 4.390000000000000000e+02 4.750000000000000000e+02 4.810000000000000000e+02 6.240000000000000000e+02 5.310000000000000000e+02 5.340000000000000000e+02 5.290000000000000000e+02 5.560000000000000000e+02 6.320000000000000000e+02 6.410000000000000000e+02 6.790000000000000000e+02 7.140000000000000000e+02
4.340000000000000000e+02 4.780000000000000000e+02 4.750000000000000000e+02 4.890000000000000000e+02 5.180000000000000000e+02 6.420000000000000000e+02 5.330000000000000000e+02 5.620000000000000000e+02 6.090000000000000000e+02 6.120000000000000000e+02 6.080000000000000000e+02 7.070000000000000000e+02 7.530000000000000000e+02
4.330000000000000000e+02 4.420000000000000000e+02 5.110000000000000000e+02 5.300000000000000000e+02 4.910000000000000000e+02 5.690000000000000000e+02 6.460000000000000000e+02 5.770000000000000000e+02 6.010000000000000000e+02 6.440000000000000000e+02 6.630000000000000000e+02 6.880000000000000000e+02 7.670000000000000000e+02
4.870000000000000000e+02 5.080000000000000000e+02 5.480000000000000000e+02 5.030000000000000000e+02 5.360000000000000000e+02 6.180000000000000000e+02 5.500000000000000000e+02 6.350000000000000000e+02 6.390000000000000000e+02 6.090000000000000000e+02 6.390000000000000000e+02 6.780000000000000000e+02 7.410000000000000000e+02
5.170000000000000000e+02 4.840000000000000000e+02 5.340000000000000000e+02 5.220000000000000000e+02 5.380000000000000000e+02 5.860000000000000000e+02 6.430000000000000000e+02 6.590000000000000000e+02 6.890000000000000000e+02 6.420000000000000000e+02 7.080000000000000000e+02 7.260000000000000000e+02 7.550000000000000000e+02
5.380000000000000000e+02 5.810000000000000000e+02 5.520000000000000000e+02 6.150000000000000000e+02 5.700000000000000000e+02 6.220000000000000000e+02 6.330000000000000000e+02 6.650000000000000000e+02 6.620000000000000000e+02 7.010000000000000000e+02 7.040000000000000000e+02 7.310000000000000000e+02 7.290000000000000000e+02
5.560000000000000000e+02 6.070000000000000000e+02 6.770000000000000000e+02 6.410000000000000000e+02 6.470000000000000000e+02 6.440000000000000000e+02 6.570000000000000000e+02 6.840000000000000000e+02 6.830000000000000000e+02 7.140000000000000000e+02 7.640000000000000000e+02 7.120000000000000000e+02 7.870000000000000000e+02
6.110000000000000000e+02 6.460000000000000000e+02 6.780000000000000000e+02 6.550000000000000000e+02 6.380000000000000000e+02 6.980000000000000000e+02 6.810000000000000000e+02 6.680000000000000000e+02 7.330000000000000000e+02 7.060000000000000000e+02 7.430000000000000000e+02 7.420000000000000000e+02 8.320000000000000000e+02
6.890000000000000000e+02 6.740000000000000000e+02 6.860000000000000000e+02 7.400000000000000000e+02 7.120000000000000000e+02 7.580000000000000000e+02 7.640000000000000000e+02 7.390000000000000000e+02 7.750000000000000000e+02 7.600000000000000000e+02 8.310000000000000000e+02 7.930000000000000000e+02 7.300000000000000000e+02
