4.260000000000000000e+02 3.570000000000000000e+02 3.640000000000000000e+02 3.570000000000000000e+02 3.780000000000000000e+02 3.840000000000000000e+02 4.150000000000000000e+02 4.410000000000000000e+02 4.890000000000000000e+02 5.080000000000000000e+02 5.180000000000000000e+02 5.920000000000000000e+02 6.360000000000000000e+02
3.570000000000000000e+02 4.630000000000000000e+02 3.730000000000000000e+02 4.040000000000000000e+02 4.610000000000000000e+02 4.140000000000000000e+02 4.230000000000000000e+02 4.510000000000000000e+02 4.690000000000000000e+02 5.110000000000000000e+02 5.450000000000000000e+02 6.360000000000000000e+02 6.900000000000000000e+02
3.760000000000000000e+02 4.110000000000000000e+02 4.680000000000000000e+02 4.470000000000000000e+02 4.710000000000000000e+02 4.890000000000000000e+02 4.290000000000000000e+02 4.920000000000000000e+02 4.790000000000000000e+02 5.340000000000000000e+02 5.840000000000000000e+02 6.350000000000000000e+02 6.330000000000000000e+02
3.650000000000000000e+02 4.200000000000000000e+02 4.490000000000000000e+02 5.840000000000000000e+02 4.690000000000000000e+02 4.750000000000000000e+02 4.670000000000000000e+02 4.800000000000000000e+02 5.410000000000000000e+02 5.490000000000000000e+02 6.020000000000000000e+02 6.860000000000000000e+02 6.730000000000000000e+02
4.250000000000000000e+02 4.220000000000000000e+02 4.490000000000000000e+02 5.010000000000000000e+02 6.030000000000000000e+02 5.230000000000000000e+02 5.140000000000000000e+02 5.640000000000000000e+02 5.760000000000000000e+02 5.790000000000000000e+02 6.240000000000000000e+02 6.450000000000000000e+02 7.440000000000000000e+02
3.650000000000000000e+02 4.240000000000000000e+02 4.310000000000000000e+02 4.710000000000000000e+02 5.480000000000000000e+02 6.240000000000000000e+02 5.350000000000000000e+02 5.750000000000000000e+02 5.630000000000000000e+02 6.220000000000000000e+02 6.110000000000000000e+02 7.100000000000000000e+02 7.190000000000000000e+02
4.260000000000000000e+02 4.380000000000000000e+02 4.580000000000000000e+02 4.750000000000000000e+02 4.770000000000000000e+02 5.430000000000000000e+02 7.110000000000000000e+02 5.590000000000000000e+02 6.090000000000000000e+02 6.420000000000000000e+02 6.280000000000000000e+02 7.170000000000000000e+02 7.530000000000000000e+02
4.400000000000000000e+02 4.240000000000000000e+02 5.110000000000000000e+02 4.820000000000000000e+02 5.000000000000000000e+02 5.330000000000000000e+02 5.940000000000000000e+02 7.350000000000000000e+02 5.540000000000000000e+02 6.590000000000000000e+02 6.700000000000000000e+02 7.400000000000000000e+02 8.050000000000000000e+02
4.570000000000000000e+02 4.650000000000000000e+02 5.520000000000000000e+02 5.710000000000000000e+02 5.070000000000000000e+02 5.760000000000000000e+02 5.580000000000000000e+02 6.160000000000000000e+02 7.570000000000000000e+02 6.980000000000000000e+02 7.540000000000000000e+02 7.230000000000000000e+02 8.700000000000000000e+02
5.280000000000000000e+02 5.800000000000000000e+02 5.620000000000000000e+02 5.440000000000000000e+02 5.470000000000000000e+02 5.800000000000000000e+02 6.280000000000000000e+02 6.940000000000000000e+02 7.050000000000000000e+02 7.700000000000000000e+02 7.790000000000000000e+02 8.000000000000000000e+02 8.760000000000000000e+02
5.450000000000000000e+02 5.660000000000000000e+02 5.430000000000000000e+02 6.030000000000000000e+02 6.160000000000000000e+02 6.430000000000000000e+02 6.320000000000000000e+02 6.980000000000000000e+02 7.530000000000000000e+02 7.330000000000000000e+02 9.200000000000000000e+02 8.470000000000000000e+02 8.890000000000000000e+02
5.780000000000000000e+02 5.820000000000000000e+02 6.510000000000000000e+02 5.970000000000000000e+02 6.660000000000000000e+02 6.860000000000000000e+02 7.100000000000000000e+02 7.430000000000000000e+02 7.780000000000000000e+02 7.820000000000000000e+02 8.100000000000000000e+02 9.520000000000000000e+02 8.690000000000000000e+02
6.630000000000000000e+02 6.620000000000000000e+02 6.830000000000000000e+02 6.900000000000000000e+02 7.720000000000000000e+02 7.370000000000000000e+02 7.670000000000000000e+02 7.470000000000000000e+02 8.270000000000000000e+02 8.610000000000000000e+02 8.820000000000000000e+02 9.370000000000000000e+02 9.630000000000000000e+02
