4.191000000000000000e+03 3.429000000000000000e+03 3.567000000000000000e+03 3.674000000000000000e+03 3.994000000000000000e+03 3.925000000000000000e+03 4.169000000000000000e+03 4.531000000000000000e+03 4.692000000000000000e+03 4.951000000000000000e+03 5.509000000000000000e+03 5.946000000000000000e+03 6.463000000000000000e+03
3.389000000000000000e+03 4.521000000000000000e+03 3.939000000000000000e+03 4.108000000000000000e+03 4.259000000000000000e+03 4.182000000000000000e+03 4.100000000000000000e+03 4.450000000000000000e+03 4.941000000000000000e+03 5.080000000000000000e+03 5.580000000000000000e+03 6.081000000000000000e+03 6.707000000000000000e+03
3.543000000000000000e+03 3.798000000000000000e+03 4.953000000000000000e+03 4.225000000000000000e+03 4.506000000000000000e+03 4.580000000000000000e+03 4.563000000000000000e+03 4.633000000000000000e+03 5.056000000000000000e+03 5.306000000000000000e+03 5.811000000000000000e+03 6.201000000000000000e+03 6.852000000000000000e+03
3.840000000000000000e+03 4.129000000000000000e+03 4.346000000000000000e+03 5.360000000000000000e+03 4.844000000000000000e+03 4.886000000000000000e+03 4.813000000000000000e+03 5.091000000000000000e+03 5.145000000000000000e+03 5.499000000000000000e+03 6.091000000000000000e+03 6.473000000000000000e+03 6.928000000000000000e+03
3.946000000000000000e+03 4.098000000000000000e+03 4.557000000000000000e+03 4.687000000000000000e+03 5.916000000000000000e+03 5.097000000000000000e+03 5.089000000000000000e+03 5.330000000000000000e+03 5.441000000000000000e+03 5.509000000000000000e+03 6.214000000000000000e+03 6.595000000000000000e+03 7.336000000000000000e+03
3.841000000000000000e+03 4.336000000000000000e+03 4.546000000000000000e+03 4.872000000000000000e+03 5.152000000000000000e+03 6.347000000000000000e+03 5.506000000000000000e+03 5.570000000000000000e+03 5.862000000000000000e+03 6.079000000000000000e+03 6.302000000000000000e+03 6.895000000000000000e+03 7.392000000000000000e+03
4.119000000000000000e+03 4.273000000000000000e+03 4.595000000000000000e+03 4.920000000000000000e+03 5.152000000000000000e+03 5.608000000000000000e+03 6.796000000000000000e+03 5.843000000000000000e+03 6.069000000000000000e+03 6.311000000000000000e+03 6.520000000000000000e+03 7.068000000000000000e+03 7.626000000000000000e+03
4.225000000000000000e+03 4.559000000000000000e+03 4.658000000000000000e+03 4.993000000000000000e+03 5.312000000000000000e+03 5.580000000000000000e+03 5.880000000000000000e+03 7.350000000000000000e+03 6.395000000000000000e+03 6.652000000000000000e+03 6.899000000000000000e+03 7.541000000000000000e+03 7.855000000000000000e+03
4.695000000000000000e+03 4.827000000000000000e+03 4.986000000000000000e+03 5.041000000000000000e+03 5.510000000000000000e+03 5.641000000000000000e+03 6.238000000000000000e+03 6.500000000000000000e+03 7.786000000000000000e+03 7.118000000000000000e+03 7.421000000000000000e+03 7.778000000000000000e+03 8.280000000000000000e+03
5.079000000000000000e+03 5.111000000000000000e+03 5.302000000000000000e+03 5.562000000000000000e+03 5.620000000000000000e+03 6.035000000000000000e+03 6.390000000000000000e+03 6.719000000000000000e+03 7.044000000000000000e+03 8.402000000000000000e+03 7.370000000000000000e+03 8.069000000000000000e+03 8.512000000000000000e+03
5.561000000000000000e+03 5.542000000000000000e+03 5.683000000000000000e+03 6.030000000000000000e+03 6.136000000000000000e+03 6.198000000000000000e+03 6.659000000000000000e+03 6.919000000000000000e+03 7.460000000000000000e+03 7.554000000000000000e+03 9.052000000000000000e+03 8.097000000000000000e+03 8.629000000000000000e+03
5.924000000000000000e+03 6.013000000000000000e+03 6.158000000000000000e+03 6.432000000000000000e+03 6.713000000000000000e+03 6.794000000000000000e+03 7.019000000000000000e+03 7.251000000000000000e+03 7.756000000000000000e+03 7.992000000000000000e+03 8.135000000000000000e+03 9.581000000000000000e+03 8.773000000000000000e+03
6.496000000000000000e+03 6.684000000000000000e+03 6.867000000000000000e+03 7.084000000000000000e+03 7.232000000000000000e+03 7.439000000000000000e+03 7.725000000000000000e+03 7.800000000000000000e+03 8.389000000000000000e+03 8.442000000000000000e+03 8.668000000000000000e+03 8.722000000000000000e+03 1.019100000000000000e+04
