4.590000000000000000e+02 3.690000000000000000e+02 4.020000000000000000e+02 3.990000000000000000e+02 4.000000000000000000e+02 4.090000000000000000e+02 4.540000000000000000e+02 4.660000000000000000e+02 5.230000000000000000e+02 5.370000000000000000e+02 6.090000000000000000e+02 6.480000000000000000e+02 6.440000000000000000e+02
3.940000000000000000e+02 5.170000000000000000e+02 3.800000000000000000e+02 3.960000000000000000e+02 4.700000000000000000e+02 4.420000000000000000e+02 4.870000000000000000e+02 4.630000000000000000e+02 5.120000000000000000e+02 5.410000000000000000e+02 6.000000000000000000e+02 6.120000000000000000e+02 6.750000000000000000e+02
3.970000000000000000e+02 4.070000000000000000e+02 4.860000000000000000e+02 4.520000000000000000e+02 4.320000000000000000e+02 5.030000000000000000e+02 4.810000000000000000e+02 5.120000000000000000e+02 5.970000000000000000e+02 5.580000000000000000e+02 6.580000000000000000e+02 6.140000000000000000e+02 7.160000000000000000e+02
4.220000000000000000e+02 4.260000000000000000e+02 4.490000000000000000e+02 5.480000000000000000e+02 4.760000000000000000e+02 4.970000000000000000e+02 5.220000000000000000e+02 5.140000000000000000e+02 5.730000000000000000e+02 5.870000000000000000e+02 5.540000000000000000e+02 6.300000000000000000e+02 7.090000000000000000e+02
3.870000000000000000e+02 4.380000000000000000e+02 4.980000000000000000e+02 4.770000000000000000e+02 5.620000000000000000e+02 5.030000000000000000e+02 5.480000000000000000e+02 5.170000000000000000e+02 5.760000000000000000e+02 6.030000000000000000e+02 6.350000000000000000e+02 6.740000000000000000e+02 7.400000000000000000e+02
4.110000000000000000e+02 4.180000000000000000e+02 4.320000000000000000e+02 4.980000000000000000e+02 5.110000000000000000e+02 6.560000000000000000e+02 5.490000000000000000e+02 5.990000000000000000e+02 5.310000000000000000e+02 5.820000000000000000e+02 6.450000000000000000e+02 6.960000000000000000e+02 7.150000000000000000e+02
4.800000000000000000e+02 4.670000000000000000e+02 4.710000000000000000e+02 5.010000000000000000e+02 5.160000000000000000e+02 5.200000000000000000e+02 6.320000000000000000e+02 5.790000000000000000e+02 6.070000000000000000e+02 6.480000000000000000e+02 6.690000000000000000e+02 6.780000000000000000e+02 7.820000000000000000e+02
4.730000000000000000e+02 4.970000000000000000e+02 4.930000000000000000e+02 5.410000000000000000e+02 5.580000000000000000e+02 5.560000000000000000e+02 5.580000000000000000e+02 6.880000000000000000e+02 6.670000000000000000e+02 6.420000000000000000e+02 7.080000000000000000e+02 7.780000000000000000e+02 7.060000000000000000e+02
4.990000000000000000e+02 5.440000000000000000e+02 5.170000000000000000e+02 5.380000000000000000e+02 5.730000000000000000e+02 6.050000000000000000e+02 6.490000000000000000e+02 6.120000000000000000e+02 7.020000000000000000e+02 6.530000000000000000e+02 7.300000000000000000e+02 7.570000000000000000e+02 7.430000000000000000e+02
5.590000000000000000e+02 5.950000000000000000e+02 6.000000000000000000e+02 6.000000000000000000e+02 5.610000000000000000e+02 5.990000000000000000e+02 5.780000000000000000e+02 6.290000000000000000e+02 6.630000000000000000e+02 6.800000000000000000e+02 7.200000000000000000e+02 7.070000000000000000e+02 7.890000000000000000e+02
5.990000000000000000e+02 5.940000000000000000e+02 6.270000000000000000e+02 6.760000000000000000e+02 6.650000000000000000e+02 6.780000000000000000e+02 6.590000000000000000e+02 6.870000000000000000e+02 6.700000000000000000e+02 7.200000000000000000e+02 7.320000000000000000e+02 7.750000000000000000e+02 7.830000000000000000e+02
6.900000000000000000e+02 6.290000000000000000e+02 6.400000000000000000e+02 6.400000000000000000e+02 6.780000000000000000e+02 6.800000000000000000e+02 6.800000000000000000e+02 7.060000000000000000e+02 7.390000000000000000e+02 7.140000000000000000e+02 7.380000000000000000e+02 7.830000000000000000e+02 7.880000000000000000e+02
6.190000000000000000e+02 6.360000000000000000e+02 6.760000000000000000e+02 6.600000000000000000e+02 7.020000000000000000e+02 7.340000000000000000e+02 7.110000000000000000e+02 7.380000000000000000e+02 7.520000000000000000e+02 7.650000000000000000e+02 7.930000000000000000e+02 7.470000000000000000e+02 7.510000000000000000e+02
