3.992000000000000000e+03 3.268000000000000000e+03 3.449000000000000000e+03 3.584000000000000000e+03 3.764000000000000000e+03 3.557000000000000000e+03 4.131000000000000000e+03 4.227000000000000000e+03 4.426000000000000000e+03 4.778000000000000000e+03 5.209000000000000000e+03 5.697000000000000000e+03 6.168000000000000000e+03
3.347000000000000000e+03 4.315000000000000000e+03 3.714000000000000000e+03 3.864000000000000000e+03 4.147000000000000000e+03 4.069000000000000000e+03 4.083000000000000000e+03 4.405000000000000000e+03 4.641000000000000000e+03 4.927000000000000000e+03 5.559000000000000000e+03 5.714000000000000000e+03 6.553000000000000000e+03
3.527000000000000000e+03 3.841000000000000000e+03 4.638000000000000000e+03 4.117000000000000000e+03 4.307000000000000000e+03 4.524000000000000000e+03 4.463000000000000000e+03 4.480000000000000000e+03 4.828000000000000000e+03 5.226000000000000000e+03 5.641000000000000000e+03 6.076000000000000000e+03 6.774000000000000000e+03
3.658000000000000000e+03 3.892000000000000000e+03 4.267000000000000000e+03 5.252000000000000000e+03 4.850000000000000000e+03 4.697000000000000000e+03 4.809000000000000000e+03 4.789000000000000000e+03 5.044000000000000000e+03 5.396000000000000000e+03 5.676000000000000000e+03 6.223000000000000000e+03 7.000000000000000000e+03
3.722000000000000000e+03 4.212000000000000000e+03 4.435000000000000000e+03 4.760000000000000000e+03 5.845000000000000000e+03 5.135000000000000000e+03 5.116000000000000000e+03 5.114000000000000000e+03 5.360000000000000000e+03 5.621000000000000000e+03 5.836000000000000000e+03 6.493000000000000000e+03 7.127000000000000000e+03
3.735000000000000000e+03 4.015000000000000000e+03 4.411000000000000000e+03 4.765000000000000000e+03 5.265000000000000000e+03 6.345000000000000000e+03 5.464000000000000000e+03 5.561000000000000000e+03 5.612000000000000000e+03 5.985000000000000000e+03 6.194000000000000000e+03 6.862000000000000000e+03 7.480000000000000000e+03
3.964000000000000000e+03 3.989000000000000000e+03 4.385000000000000000e+03 4.788000000000000000e+03 5.151000000000000000e+03 5.528000000000000000e+03 6.911000000000000000e+03 5.940000000000000000e+03 6.113000000000000000e+03 6.463000000000000000e+03 6.469000000000000000e+03 6.934000000000000000e+03 7.839000000000000000e+03
4.139000000000000000e+03 4.429000000000000000e+03 4.399000000000000000e+03 4.902000000000000000e+03 5.232000000000000000e+03 5.562000000000000000e+03 6.018000000000000000e+03 7.502000000000000000e+03 6.537000000000000000e+03 6.795000000000000000e+03 7.010000000000000000e+03 7.341000000000000000e+03 8.198000000000000000e+03
4.480000000000000000e+03 4.625000000000000000e+03 4.800000000000000000e+03 5.007000000000000000e+03 5.350000000000000000e+03 5.829000000000000000e+03 6.144000000000000000e+03 6.602000000000000000e+03 8.370000000000000000e+03 7.414000000000000000e+03 7.416000000000000000e+03 7.993000000000000000e+03 8.639000000000000000e+03
4.829000000000000000e+03 4.911000000000000000e+03 5.232000000000000000e+03 5.291000000000000000e+03 5.500000000000000000e+03 5.841000000000000000e+03 6.397000000000000000e+03 6.734000000000000000e+03 7.454000000000000000e+03 8.972000000000000000e+03 7.900000000000000000e+03 8.405000000000000000e+03 8.946000000000000000e+03
5.233000000000000000e+03 5.421000000000000000e+03 5.403000000000000000e+03 5.795000000000000000e+03 6.107000000000000000e+03 6.404000000000000000e+03 6.609000000000000000e+03 7.047000000000000000e+03 7.645000000000000000e+03 7.934000000000000000e+03 9.950000000000000000e+03 8.571000000000000000e+03 9.141000000000000000e+03
5.710000000000000000e+03 5.950000000000000000e+03 6.010000000000000000e+03 6.363000000000000000e+03 6.593000000000000000e+03 6.819000000000000000e+03 7.116000000000000000e+03 7.374000000000000000e+03 8.209000000000000000e+03 8.232000000000000000e+03 8.602000000000000000e+03 1.074800000000000000e+04 9.702000000000000000e+03
6.419000000000000000e+03 6.376000000000000000e+03 6.659000000000000000e+03 7.038000000000000000e+03 7.252000000000000000e+03 7.590000000000000000e+03 7.717000000000000000e+03 8.007000000000000000e+03 8.695000000000000000e+03 8.828000000000000000e+03 9.337000000000000000e+03 9.594000000000000000e+03 1.212800000000000000e+04
